1, 1, 1, 1, 1, 1, 1, 1, 1, 1, 1, 1, 1, 1, 1, 1, 1, 1, 1, 1, 1, 1, 1, 1, 1, 1, 1, 1, 1, 1, 1, 1, 1, 1, 1, 1, 1, 1, 1, 1, 1, 1, 1, 1, 1, 1, 1, 1, 1, 1, 1, 1, 1, 1, 1, 1, 1, 1, 1, 1, 1, 1, 1, 1, 1, 1, 1, 1, 1, 1, 1, 1, 1, 1, 1, 1, 1, 1, 1, 1, 1, 1, 1, 1, 1, 1, 1, 1, 1, 1, 1, 1, 1, 1, 1, 1, 1, 1, 1, 0.999978, 1, 1, 1, 1, 1, 1, 1, 1, 1, 1, 1, 1, 1, 1, 1, 1, 1, 1, 1, 1, 0.999983, 0.999983, 0.999983, 0.999999, 0.999983, 0.999983, 0.999983, 0.999983, 0.999983, 0.999983, 0.999983, 0.999983, 0.999983, 0.999983, 0.999983, 0.999983, 0.999999, 0.999983, 0.999983, 0.999983, 0.99987, 0.999562, 0.999562, 0.999562, 0.999562, 0.999562, 0.999562, 0.999562, 0.999562, 0.999562, 0.999562, 0.999562, 0.999562, 0.999562, 0.999562, 0.999562, 0.999562, 0.999562, 0.999562, 0.999562, 0.999562, 0.999562, 0.99987, 0.999562, 0.999051, 0.997945, 0.998683, 0.997945, 0.997945, 0.997945, 0.997945, 0.997945, 0.997945, 0.997945, 0.997945, 0.998683, 0.997945, 0.997931, 0.997916, 0.998655, 0.997916, 0.997916, 0.997916, 0.997916, 0.997916, 0.997916, 0.997916, 0.997916, 0.998655, 0.997916, 0.997916, 0.999261, 0.999773, 0.999302, 0.999302, 0.999773, 0.999302, 0.999302, 0.999302, 0.999302, 
0.999302, 0.999302, 0.999302, 0.999302, 0.999773, 0.999302, 0.999302, 0.999302, 0.999773, 0.999302, 0.999302, 0.999302, 0.999302, 0.999302, 0.999302, 0.999302, 0.999773, 0.999302, 0.999302, 0.999302, 0.999302, 0.999302, 0.999302, 0.999302, 0.999302, 0.999773, 0.999302, 0.999302, 0.999302, 0.999302, 0.999302, 0.999302, 0.999302, 0.999773, 0.999302, 0.999302, 0.999302, 0.999773, 0.999302, 0.999302, 0.999302, 0.999302, 0.999302, 0.999302, 0.999302, 0.999773, 0.999773, 0.999302, 0.999302, 0.999921, 1, 1, 1, 1, 1, 1, 1, 1, 1, 1, 1, 1, 1, 1, 1, 1, 1, 1, 1, 1, 1, 1, 1, 1, 1, 1, 1, 1, 1, 1, 1, 1, 1, 1, 1, 1, 1, 1, 1, 1, 1, 1, 1, 1, 1, 1, 1, 1, 1, 1, 1, 1, 1, 1, 1, 1, 1, 1, 1, 1, 1, 1, 1, 1, 1, 1, 1, 1, 1, 1, 1, 1, 1, 1, 1, 1, 1, 1, 1, 1, 1, 1, 1, 1, 1, 1, 1, 1, 1, 1, 1, 1, 1, 1, 1, 1, 1, 1, 1, 1, 1, 1, 1, 1, 1, 1, 1, 1, 1, 1, 1, 1, 1, 1, 1, 1, 1, 1, 1, 1, 1, 1, 1, 1, 1, 1, 1, 1, 1, 1, 1, 1, 1, 1, 1, 1, 1, 1, 1, 1, 0.999999, 0.999983, 0.999983, 0.999983, 0.999983, 0.999983, 0.999983, 0.999983, 0.999983, 0.999983, 
0.999983, 0.999983, 0.999983, 0.999983, 0.999983, 0.999983, 0.999983, 0.999983, 0.999999, 0.999983, 0.999983, 0.999983, 0.999983, 0.999983, 0.999913, 0.999562, 0.99987, 0.999562, 0.999562, 0.999562, 0.999562, 0.999562, 0.999562, 0.99987, 0.999562, 0.999562, 0.999562, 0.999051, 0.997945, 0.998683, 0.997945, 0.997945, 0.997945, 0.997945, 0.997945, 0.997945, 0.997945, 0.997945, 0.999155, 0.997945, 0.997945, 0.997931, 0.998655, 0.997916, 0.997916, 0.998655, 0.997916, 0.997916, 0.997916, 0.997916, 0.997916, 0.997916, 0.997916, 0.997916, 0.998655, 0.997916, 0.997916, 0.997916, 0.998655, 0.997916, 0.997916, 0.997916, 0.997916, 0.997916, 0.997916, 0.997916, 0.998655, 0.997916, 0.997916, 0.997916, 0.997916, 0.997916, 0.997916, 0.997916, 0.997916, 0.998655, 0.997916, 0.997916, 0.997916, 0.997916, 0.997916, 0.997916, 0.997916, 0.998655, 0.997916, 0.997916, 0.997916, 0.998655, 0.997916, 0.997916, 0.997916, 0.997916, 0.997916, 0.997916, 0.997916, 0.998655, 0.998655, 0.997916, 0.997916, 0.999132, 1, 1, 1, 1, 1, 1, 1, 1, 1, 1, 0.999999, 0.999985, 0.999985, 0.999985, 0.999985, 0.999985, 0.999985, 0.999985, 0.999985, 0.999985, 0.999985, 0.999999, 0.999985, 0.999985, 0.999985, 0.999985, 0.999985, 0.999985, 0.999985, 0.999985, 0.999985, 0.999985, 0.999985, 0.999985, 0.999985, 0.999985, 0.999985, 0.999985, 0.999999, 0.999985, 0.999985, 0.999985, 0.999999, 0.999985, 0.999985, 0.999985, 0.999985, 0.999985, 0.999985, 0.999985, 0.999985, 0.999985, 0.999985, 0.999985, 0.999985, 1, 1, 1, 1, 1, 1, 1, 1, 1, 1, 1, 1, 1, 1, 1, 1, 1, 1, 1, 1, 1, 1, 1, 1, 1, 1, 1, 1, 1, 1, 1, 1, 1, 1, 1, 1, 1, 1, 1, 1, 1, 1, 1, 1, 1, 
1, 1, 1, 1, 1, 1, 1, 1, 1, 1, 1, 1, 1, 1, 1, 1, 1, 1, 1, 1, 1, 1, 1, 1, 1, 1, 1, 1, 1, 1, 1, 1, 1, 1, 1, 1, 1, 1, 1, 1, 1, 1, 1, 1, 1, 1, 1, 1, 1, 1, 1, 1, 1, 1, 1, 1, 1, 1, 1, 1, 1, 1, 1, 1, 0.999999, 0.999983, 0.999999, 0.999983, 0.999983, 0.999983, 0.999999, 0.999983, 0.999983, 0.999983, 0.999983, 0.999983, 0.999983, 0.999913, 0.999562, 0.99987, 0.999562, 0.999562, 0.999562, 0.999562, 0.999562, 0.999562, 0.999562, 0.99987, 0.99987, 0.999562, 0.999562, 0.999392, 0.997945, 0.997945, 0.997945, 0.998683, 0.997945, 0.997945, 0.997945, 0.997945, 0.997945, 0.997945, 0.997945, 0.997945, 0.998683, 0.997945, 0.997945, 0.997945, 0.998683, 0.997945, 0.997945, 0.997945, 0.997945, 0.997945, 0.997945, 0.997945, 0.998683, 0.997945, 0.997945, 0.997945, 0.997945, 0.997945, 0.997945, 0.997945, 0.997945, 0.998683, 0.997945, 0.997945, 0.997945, 0.997945, 0.997945, 0.997945, 0.997945, 0.998683, 0.997945, 0.997945, 0.997945, 0.998683, 0.997945, 0.997945, 0.997945, 0.997945, 0.997945, 0.997945, 0.997945, 0.998683, 0.998683, 0.997945, 0.997945, 0.998683, 0.999985, 0.999985, 0.999985, 0.999985, 0.999985, 0.999985, 0.999985, 0.999985, 0.999999, 0.999985, 0.999933, 0.999696, 0.999696, 0.999696, 0.999696, 0.999696, 0.999696, 0.999696, 0.999696, 0.999696, 0.999696, 0.999696, 0.999696, 0.999696, 0.999696, 0.999925, 0.999696, 0.999696, 0.999696, 0.999696, 0.999696, 0.999696, 0.999696, 0.999696, 0.999696, 0.999696, 0.999696, 0.999696, 0.999925, 0.999696, 0.999696, 0.999696, 0.999925, 0.999696, 0.999696, 0.999696, 0.999696, 0.999696, 0.999696, 0.999696, 
0.999696, 0.999696, 0.999696, 0.999696, 0.999696, 0.999996, 0.999985, 0.999985, 0.999985, 0.999985, 0.999985, 0.999985, 0.999985, 0.999985, 0.999999, 0.999985, 0.999985, 0.999985, 0.999985, 0.999985, 0.999985, 0.999985, 0.999999, 0.999985, 0.999985, 0.999985, 0.999985, 0.999985, 0.999985, 0.999985, 0.999985, 1, 1, 1, 1, 1, 1, 1, 1, 1, 1, 1, 1, 1, 1, 1, 1, 1, 1, 1, 1, 1, 1, 1, 1, 1, 1, 1, 1, 1, 1, 1, 1, 1, 1, 1, 1, 1, 1, 1, 1, 1, 1, 1, 1, 1, 1, 1, 1, 1, 1, 1, 1, 1, 1, 1, 1, 1, 1, 1, 1, 1, 1, 1, 1, 1, 1, 1, 1, 1, 1, 1, 1, 1, 1, 1, 1, 1, 1, 1, 1, 1, 1, 1, 1, 1, 1, 1, 1, 1, 1, 1, 1, 1, 1, 1, 1, 0.999999, 0.999983, 0.999999, 0.999983, 0.999983, 0.999983, 0.999983, 0.999983, 0.999983, 0.999983, 0.999999, 0.999999, 0.999983, 0.999983, 0.999974, 0.999562, 0.999562, 0.999562, 0.99987, 0.999562, 0.999562, 0.999562, 0.999562, 0.999562, 0.999562, 0.999562, 0.999562, 0.99987, 0.999562, 0.999562, 0.999562, 0.99987, 0.999562, 0.999562, 0.999562, 0.999562, 0.999562, 0.999562, 0.999562, 0.99987, 0.999562, 0.999562, 0.999562, 0.999562, 0.999562, 0.999562, 0.999562, 0.999562, 0.99987, 0.999562, 0.999562, 0.999562, 0.999562, 0.999562, 0.999562, 0.999562, 0.99987, 0.999562, 0.999562, 0.999562, 0.99987, 0.999562, 0.999562, 0.999562, 0.999562, 0.999562, 0.999562, 0.999562, 0.999562, 0.99987, 0.999562, 0.999562, 0.99987, 
0.999696, 0.999696, 0.999696, 0.999696, 0.999696, 0.999696, 0.999696, 0.999696, 0.999925, 0.999696, 0.998657, 0.998878, 0.998878, 0.998878, 0.998878, 0.998878, 0.998878, 0.999517, 0.998878, 0.998878, 0.998878, 0.998878, 0.998878, 0.998878, 0.998878, 0.998878, 0.998878, 0.998878, 0.998878, 0.998878, 0.999517, 0.998878, 0.998878, 0.998878, 0.998878, 0.998878, 0.998878, 0.998878, 0.999517, 0.998878, 0.998878, 0.998878, 0.999517, 0.998878, 0.998878, 0.998878, 0.998878, 0.998878, 0.998878, 0.998878, 0.998878, 0.998878, 0.998878, 0.998878, 0.998878, 0.999861, 0.999696, 0.999696, 0.999696, 0.999696, 0.999696, 0.999696, 0.999696, 0.999696, 0.999925, 0.999696, 0.999696, 0.999696, 0.999696, 0.999696, 0.999925, 0.999696, 0.999696, 0.999696, 0.999696, 0.999696, 0.999696, 0.999696, 0.999696, 0.999696, 0.999696, 0.999999, 0.999985, 0.999985, 0.999985, 0.999985, 0.999985, 0.999985, 0.999985, 0.999999, 0.999985, 0.999985, 0.999985, 0.999999, 0.999985, 0.999985, 0.999985, 0.999985, 0.999985, 1, 1, 1, 1, 1, 1, 1, 1, 1, 1, 1, 1, 1, 1, 1, 1, 1, 1, 1, 1, 1, 1, 1, 1, 1, 1, 1, 1, 1, 1, 1, 1, 1, 1, 1, 1, 1, 1, 1, 1, 1, 1, 1, 1, 1, 1, 1, 1, 1, 1, 1, 1, 1, 1, 1, 1, 1, 1, 1, 1, 1, 1, 1, 1, 1, 1, 1, 1, 1, 1, 1, 1, 1, 1, 1, 1, 1, 1, 1, 1, 1, 1, 1, 1, 1, 1, 1, 1, 1, 1, 1, 1, 1, 0.999983, 0.999983, 0.999983, 0.999999, 0.999983, 0.999983, 0.999983, 0.999983, 
0.999983, 0.999983, 0.999983, 0.999983, 0.999999, 0.999983, 0.999983, 0.999983, 0.999999, 0.999983, 0.999983, 0.999983, 0.999983, 0.999983, 0.999983, 0.999983, 0.999999, 0.999983, 0.999983, 0.999983, 0.999983, 0.999983, 0.999983, 0.999983, 0.999983, 0.999983, 0.999983, 0.999983, 0.999983, 0.999999, 0.999983, 0.999983, 0.999983, 0.999999, 0.999983, 0.999983, 0.999983, 0.999983, 0.999983, 0.999983, 0.999983, 0.999983, 0.999999, 0.999983, 0.999983, 0.999983, 0.999999, 0.999983, 0.999983, 0.999999, 0.998878, 0.998878, 0.998878, 0.998878, 0.999517, 0.998878, 0.998878, 0.998878, 0.998878, 0.998878, 0.998878, 0.996919, 0.996919, 0.996919, 0.996919, 0.996919, 0.996919, 0.998788, 0.996919, 0.996919, 0.996919, 0.996919, 0.996919, 0.996919, 0.996919, 0.996919, 0.996919, 0.996919, 0.996919, 0.996919, 0.998788, 0.996919, 0.996919, 0.996919, 0.996919, 0.996919, 0.996919, 0.996919, 0.998788, 0.996919, 0.996919, 0.996919, 0.998788, 0.996919, 0.996919, 0.996919, 0.996919, 0.996919, 0.996919, 0.996919, 0.996919, 0.996919, 0.996919, 0.996919, 0.996919, 0.999413, 0.998878, 0.998878, 0.998878, 0.998878, 0.998878, 0.998878, 0.998878, 0.998878, 0.999517, 0.998878, 0.998878, 0.998878, 0.999517, 0.998878, 0.998878, 0.998878, 0.998878, 0.998878, 0.998878, 0.998878, 0.998878, 0.998878, 0.998878, 0.998878, 0.998878, 0.999925, 0.999696, 0.999696, 0.999696, 0.999696, 0.999696, 0.999696, 0.999696, 0.999925, 0.999696, 0.999696, 0.999696, 0.999925, 0.999696, 0.999696, 0.999696, 0.999696, 0.999696, 0.999985, 0.999985, 0.999985, 0.999985, 0.999985, 0.999985, 0.999985, 0.999999, 0.999985, 0.999985, 0.999985, 0.999999, 0.999985, 0.999985, 0.999985, 0.999985, 0.999985, 0.999985, 0.999985, 0.999985, 0.999985, 1, 1, 1, 1, 1, 1, 1, 1, 1, 1, 1, 1, 1, 1, 1, 1, 1, 1, 1, 1, 1, 1, 1, 1, 1, 1, 1, 1, 1, 1, 
1, 1, 1, 1, 1, 1, 1, 1, 1, 1, 1, 1, 1, 1, 1, 1, 1, 1, 1, 1, 1, 1, 1, 1, 1, 1, 1, 1, 1, 1, 1, 1, 1, 1, 1, 1, 1, 1, 1, 1, 1, 1, 1, 1, 1, 1, 1, 1, 1, 1, 1, 1, 1, 1, 1, 1, 1, 1, 1, 1, 1, 1, 1, 1, 1, 1, 1, 1, 1, 1, 1, 1, 1, 1, 1, 1, 1, 1, 1, 1, 1, 1, 1, 1, 1, 1, 1, 1, 1, 1, 1, 1, 1, 1, 1, 1, 1, 1, 1, 1, 0.996919, 0.996919, 0.996919, 0.996919, 0.998788, 0.996919, 0.996919, 0.996919, 0.996919, 0.996919, 0.996919, 0.991893, 0.991893, 0.991893, 0.991893, 0.991893, 0.991893, 0.995245, 0.991893, 0.991893, 0.991893, 0.991893, 0.991893, 0.991893, 0.991893, 0.991893, 0.991893, 0.991893, 0.991893, 0.991893, 0.995245, 0.991893, 0.991893, 0.991893, 0.991893, 0.991893, 0.991893, 0.991893, 0.995245, 0.991893, 0.991893, 0.991893, 0.995245, 0.991893, 0.991893, 0.991893, 0.991893, 0.991893, 0.991893, 0.991893, 0.991893, 0.995245, 0.991893, 0.991893, 0.991893, 0.996919, 0.996919, 0.996919, 0.996919, 0.996919, 0.996919, 0.996919, 0.996919, 0.996919, 0.998788, 0.996919, 0.996919, 0.996919, 0.998788, 0.996919, 0.996919, 0.996919, 0.996919, 0.996919, 0.996919, 0.996919, 0.996919, 0.996919, 0.996919, 0.996919, 0.996919, 0.999517, 0.998878, 0.998878, 0.998878, 0.998878, 0.998878, 0.998878, 0.998878, 0.999517, 0.998878, 0.998878, 0.998878, 0.999517, 0.998878, 0.998878, 0.998878, 0.998878, 0.998878, 0.999696, 
0.999696, 0.999696, 0.999696, 0.999696, 0.999696, 0.999696, 0.999925, 0.999696, 0.999696, 0.999696, 0.999925, 0.999696, 0.999696, 0.999696, 0.999696, 0.999696, 0.999696, 0.999696, 0.999696, 0.999696, 0.999985, 0.999985, 0.999985, 0.999999, 0.999985, 0.999985, 0.999985, 0.999985, 0.999985, 0.999985, 0.999985, 0.999985, 0.999999, 0.999985, 0.999985, 0.999985, 0.999999, 0.999985, 0.999985, 0.99973, 1, 1, 1, 1, 1, 1, 1, 1, 1, 1, 1, 1, 1, 1, 1, 1, 1, 1, 1, 1, 1, 1, 1, 1, 1, 1, 1, 1, 1, 1, 1, 1, 1, 1, 1, 1, 1, 1, 1, 1, 1, 1, 1, 1, 1, 1, 1, 1, 1, 1, 1, 1, 1, 1, 1, 1, 1, 1, 1, 1, 1, 1, 1, 1, 1, 1, 1, 1, 1, 1, 1, 1, 1, 1, 1, 1, 1, 1, 1, 1, 1, 1, 1, 1, 1, 1, 1, 1, 1, 1, 1, 1, 1, 1, 1, 1, 1, 1, 1, 1, 1, 1, 1, 1, 1, 1, 1, 1, 1, 1, 0.991893, 0.991893, 0.991893, 0.991893, 0.995245, 0.991893, 0.991893, 0.991893, 0.991893, 0.991893, 0.991893, 0.991896, 0.991896, 0.991896, 0.991896, 0.991896, 0.991896, 0.993768, 0.991896, 0.991896, 0.991896, 0.991896, 0.991896, 0.991896, 0.991896, 0.991896, 0.991896, 0.991896, 0.991896, 0.991896, 0.993768, 0.991896, 0.991896, 0.991896, 0.991896, 0.991896, 0.991896, 0.991896, 0.993768, 0.991896, 0.991896, 0.991896, 0.993768, 0.991896, 0.991896, 0.991896, 0.991896, 0.991896, 0.991896, 0.991896, 
0.991896, 0.993768, 0.991896, 0.991896, 0.991896, 0.991893, 0.991893, 0.991893, 0.991893, 0.991893, 0.991893, 0.991893, 0.991893, 0.991893, 0.995245, 0.991893, 0.991893, 0.991893, 0.995245, 0.991893, 0.991893, 0.991893, 0.991893, 0.991893, 0.991893, 0.991893, 0.991893, 0.991893, 0.991893, 0.991893, 0.991893, 0.998788, 0.996919, 0.996919, 0.996919, 0.996919, 0.996919, 0.996919, 0.996919, 0.998788, 0.996919, 0.996919, 0.996919, 0.998788, 0.996919, 0.996919, 0.996919, 0.996919, 0.996919, 0.998878, 0.998878, 0.998878, 0.998878, 0.998878, 0.998878, 0.998878, 0.999517, 0.998878, 0.998878, 0.998878, 0.999517, 0.998878, 0.998878, 0.998878, 0.998878, 0.998878, 0.998878, 0.998878, 0.998878, 0.998878, 0.999696, 0.999696, 0.999696, 0.999925, 0.999696, 0.999696, 0.999696, 0.999696, 0.999696, 0.999696, 0.999696, 0.999696, 0.999925, 0.999696, 0.999696, 0.999696, 0.999925, 0.999696, 0.999696, 0.999933, 0.999985, 0.999985, 0.999985, 0.999985, 0.999985, 0.999985, 0.999985, 0.999985, 0.999985, 0.999999, 0.999985, 0.999985, 0.999985, 0.999985, 0.999985, 0.999985, 0.999985, 0.999985, 0.999985, 0.999985, 0.999985, 0.999985, 0.999999, 0.999985, 1, 1, 1, 1, 1, 1, 1, 1, 1, 1, 1, 1, 1, 1, 1, 1, 1, 1, 1, 1, 1, 1, 1, 1, 1, 1, 1, 1, 1, 1, 1, 1, 1, 1, 1, 1, 1, 1, 1, 1, 1, 1, 1, 1, 1, 1, 1, 1, 1, 1, 1, 1, 1, 1, 1, 1, 1, 1, 1, 1, 1, 1, 1, 1, 1, 1, 1, 1, 1, 1, 1, 1, 1, 1, 1, 1, 1, 1, 1, 1, 1, 1, 1, 1, 1, 1, 
0.991896, 0.991896, 0.991896, 0.991896, 0.993768, 0.991896, 0.991896, 0.991896, 0.991896, 0.991896, 0.991896, 0.99315, 0.99315, 0.99315, 0.99315, 0.99315, 0.99315, 0.993995, 0.99315, 0.99315, 0.99315, 0.99315, 0.99315, 0.99315, 0.99315, 0.99315, 0.99315, 0.99315, 0.99315, 0.99315, 0.993995, 0.99315, 0.99315, 0.99315, 0.99315, 0.99315, 0.99315, 0.99315, 0.993995, 0.99315, 0.99315, 0.99315, 0.993995, 0.99315, 0.99315, 0.99315, 0.99315, 0.99315, 0.99315, 0.99315, 0.99315, 0.993995, 0.99315, 0.99315, 0.99315, 0.991896, 0.991896, 0.991896, 0.991896, 0.991896, 0.991896, 0.991896, 0.991896, 0.991896, 0.993768, 0.991896, 0.991896, 0.991896, 0.993768, 0.991896, 0.991896, 0.991896, 0.991896, 0.991896, 0.991896, 0.991896, 0.991896, 0.991896, 0.991896, 0.991896, 0.991896, 0.995245, 0.991893, 0.991893, 0.991893, 0.991893, 0.991893, 0.991893, 0.991893, 0.995245, 0.991893, 0.991893, 0.991893, 0.995245, 0.991893, 0.991893, 0.991893, 0.991893, 0.991893, 0.996919, 0.996919, 0.996919, 0.996919, 0.996919, 0.996919, 0.996919, 0.998788, 0.996919, 0.996919, 0.996919, 0.998788, 0.996919, 0.996919, 0.996919, 0.996919, 0.996919, 0.996919, 0.996919, 0.996919, 0.996919, 0.998878, 0.998878, 0.998878, 0.999517, 0.998878, 0.998878, 0.998878, 0.998878, 0.998878, 0.998878, 0.998878, 0.998878, 0.999517, 0.998878, 0.998878, 0.998878, 0.999517, 0.998878, 0.998878, 0.99943, 0.999696, 0.999696, 0.999696, 0.999696, 0.999696, 0.999696, 0.999696, 0.999696, 0.999696, 0.999925, 0.999696, 0.999696, 0.999696, 0.999696, 0.999696, 0.999696, 0.999696, 0.999696, 0.999696, 0.999696, 0.999696, 0.999696, 0.999925, 0.999696, 0.999985, 0.999985, 0.999985, 0.999985, 0.999985, 0.999985, 0.999999, 0.999985, 0.999985, 0.999985, 0.999985, 0.999985, 0.999985, 0.999999, 1, 1, 1, 1, 1, 1, 1, 1, 1, 1, 1, 1, 1, 1, 1, 1, 1, 1, 1, 1, 1, 1, 
1, 1, 1, 1, 1, 1, 1, 1, 1, 1, 1, 1, 1, 1, 1, 1, 1, 1, 1, 1, 1, 1, 1, 1, 1, 1, 1, 1, 1, 1, 1, 1, 1, 1, 1, 1, 1, 1, 1, 1, 1, 1, 1, 1, 1, 1, 1, 1, 1, 1, 0.99315, 0.99315, 0.99315, 0.99315, 0.993995, 0.99315, 0.99315, 0.99315, 0.99315, 0.99315, 0.99315, 0.991481, 0.991481, 0.991481, 0.991481, 0.991481, 0.991481, 0.99267, 0.991481, 0.991481, 0.991481, 0.991481, 0.991481, 0.991481, 0.991481, 0.991481, 0.991481, 0.991481, 0.991481, 0.991481, 0.99267, 0.991481, 0.991481, 0.991481, 0.991481, 0.991481, 0.991481, 0.991481, 0.99267, 0.991481, 0.991481, 0.991481, 0.99267, 0.991481, 0.991481, 0.991481, 0.991481, 0.991481, 0.991481, 0.991481, 0.991481, 0.99267, 0.991481, 0.991481, 0.991481, 0.99315, 0.99315, 0.99315, 0.99315, 0.99315, 0.99315, 0.99315, 0.99315, 0.99315, 0.993995, 0.99315, 0.99315, 0.99315, 0.993995, 0.99315, 0.99315, 0.99315, 0.99315, 0.99315, 0.99315, 0.99315, 0.993995, 0.99315, 0.99315, 0.99315, 0.990446, 0.993768, 0.991896, 0.991896, 0.991896, 0.993768, 0.991896, 0.991896, 0.991896, 0.991896, 0.991896, 0.991896, 0.991896, 0.993768, 0.991896, 0.991896, 0.991896, 0.991896, 0.991896, 0.991893, 0.991893, 0.991893, 0.995245, 0.991893, 0.991893, 0.991893, 0.991893, 0.991893, 0.991893, 0.991893, 0.995245, 0.991893, 0.991893, 0.991893, 0.991893, 0.991893, 0.991893, 0.991893, 0.991893, 0.991893, 0.996919, 0.996919, 0.996919, 0.998788, 0.996919, 0.996919, 0.996919, 0.996919, 0.996919, 0.996919, 0.996919, 0.996919, 0.998788, 0.996919, 0.996919, 0.996919, 0.998788, 0.996919, 0.996919, 0.998411, 0.998878, 0.998878, 0.998878, 0.998878, 0.998878, 0.998878, 0.998878, 0.998878, 0.998878, 0.999517, 
0.998878, 0.998878, 0.998878, 0.998878, 0.998878, 0.998878, 0.998878, 0.998878, 0.998878, 0.998878, 0.998878, 0.998878, 0.999517, 0.998878, 0.999696, 0.999696, 0.999696, 0.999696, 0.999696, 0.999696, 0.999925, 0.999696, 0.999696, 0.999696, 0.999696, 0.999696, 0.999696, 0.999933, 0.999985, 0.999999, 0.999985, 0.999985, 0.999985, 0.999999, 0.999985, 0.999985, 0.999985, 0.999999, 0.999985, 0.999985, 0.999985, 1, 1, 1, 1, 1, 1, 1, 1, 1, 1, 1, 1, 1, 1, 1, 1, 1, 1, 1, 1, 1, 1, 1, 1, 1, 1, 1, 1, 1, 1, 1, 1, 1, 1, 1, 1, 1, 1, 1, 1, 1, 1, 1, 1, 1, 1, 1, 1, 1, 1, 1, 1, 1, 1, 1, 1, 1, 1, 1, 0.99267, 0.991481, 0.991481, 0.991481, 0.99267, 0.991481, 0.991481, 0.991481, 0.991481, 0.991481, 0.991481, 0.983142, 0.983142, 0.983142, 0.983142, 0.983142, 0.983142, 0.987676, 0.983142, 0.983142, 0.983142, 0.983142, 0.983142, 0.983142, 0.983142, 0.983142, 0.983142, 0.983142, 0.983142, 0.983142, 0.987676, 0.983142, 0.983142, 0.983142, 0.983142, 0.983142, 0.983142, 0.983142, 0.987676, 0.983142, 0.983142, 0.983142, 0.987676, 0.983142, 0.983142, 0.983142, 0.983142, 0.983142, 0.983142, 0.983142, 0.983142, 0.987676, 0.983142, 0.983142, 0.983142, 0.991481, 0.991481, 0.991481, 0.991481, 0.991481, 0.991481, 0.991481, 0.991481, 0.991481, 0.99267, 0.991481, 0.991481, 0.991481, 0.99267, 0.991481, 0.991481, 0.991481, 0.991481, 0.991481, 0.991481, 0.991481, 0.99267, 0.991481, 0.991481, 0.991481, 0.992526, 0.99315, 0.99315, 0.99315, 0.99315, 0.993995, 0.99315, 0.99315, 0.99315, 0.99315, 0.99315, 0.99315, 0.99315, 0.993995, 0.99315, 0.99315, 0.99315, 0.99315, 0.99315, 0.991896, 
0.991896, 0.991896, 0.993768, 0.991896, 0.991896, 0.991896, 0.991896, 0.991896, 0.991896, 0.991896, 0.993768, 0.991896, 0.991896, 0.991896, 0.991896, 0.991896, 0.991896, 0.991896, 0.991896, 0.991896, 0.991893, 0.991893, 0.991893, 0.995245, 0.991893, 0.991893, 0.991893, 0.991893, 0.991893, 0.991893, 0.991893, 0.991893, 0.995245, 0.991893, 0.991893, 0.991893, 0.995245, 0.991893, 0.991893, 0.995069, 0.996919, 0.996919, 0.996919, 0.996919, 0.998788, 0.996919, 0.996919, 0.996919, 0.996919, 0.996919, 0.996919, 0.996919, 0.996919, 0.996919, 0.996919, 0.996919, 0.996919, 0.996919, 0.996919, 0.996919, 0.996919, 0.996919, 0.998788, 0.996919, 0.998878, 0.998878, 0.999517, 0.998878, 0.998878, 0.998878, 0.998878, 0.998878, 0.998878, 0.998878, 0.999517, 0.998878, 0.998878, 0.998657, 0.999696, 0.999925, 0.999696, 0.999696, 0.999696, 0.999925, 0.999696, 0.999696, 0.999696, 0.999925, 0.999696, 0.999696, 0.999696, 0.999996, 0.999985, 0.999985, 0.999985, 0.999999, 0.999985, 0.999985, 0.999985, 0.999985, 0.999985, 0.999985, 0.999985, 0.999985, 0.999985, 0.999985, 0.999985, 0.999985, 0.999999, 0.999985, 0.999985, 0.999985, 0.999999, 0.999985, 0.999985, 0.999985, 0.999985, 0.999985, 0.999985, 0.999985, 0.999985, 0.999999, 0.999985, 0.999985, 0.999985, 0.999985, 0.999985, 0.999985, 0.999985, 0.999985, 0.999985, 0.999985, 0.999985, 0.999985, 0.999999, 0.999985, 0.999985, 0.999985, 0.999999, 0.999985, 0.999985, 0.999985, 0.999985, 0.999985, 0.999985, 0.999985, 0.999999, 0.999985, 0.999985, 0.999985, 0.987676, 0.983142, 0.983142, 0.983142, 0.987676, 0.983142, 0.983142, 0.983142, 0.983142, 0.983142, 0.983142, 0.95296, 0.95296, 0.95296, 0.95296, 0.95296, 0.95296, 0.967045, 0.95296, 0.95296, 0.95296, 0.95296, 0.95296, 0.95296, 0.95296, 0.95296, 0.95296, 0.95296, 0.95296, 0.95296, 0.967045, 0.95296, 0.95296, 0.95296, 0.95296, 0.95296, 0.95296, 0.95296, 0.967045, 0.95296, 0.95296, 0.95296, 0.967045, 0.95296, 0.95296, 0.95296, 0.95296, 0.95296, 0.95296, 0.95296, 
0.95296, 0.967045, 0.95296, 0.95296, 0.95296, 0.983142, 0.983142, 0.983142, 0.983142, 0.983142, 0.983142, 0.983142, 0.983142, 0.983142, 0.987676, 0.983142, 0.983142, 0.983142, 0.987676, 0.983142, 0.983142, 0.983142, 0.983142, 0.983142, 0.983142, 0.983142, 0.987676, 0.983142, 0.983142, 0.983142, 0.989416, 0.991481, 0.991481, 0.991481, 0.991481, 0.99267, 0.991481, 0.991481, 0.991481, 0.99267, 0.991481, 0.991481, 0.991481, 0.991481, 0.991481, 0.991481, 0.991481, 0.991481, 0.991481, 0.99315, 0.99315, 0.99315, 0.993995, 0.99315, 0.99315, 0.99315, 0.99315, 0.99315, 0.99315, 0.99315, 0.993995, 0.99315, 0.99315, 0.99315, 0.99315, 0.99315, 0.99315, 0.99315, 0.99315, 0.99315, 0.991896, 0.991896, 0.991896, 0.993768, 0.991896, 0.991896, 0.991896, 0.991896, 0.991896, 0.991896, 0.991896, 0.991896, 0.993768, 0.991896, 0.991896, 0.991896, 0.993768, 0.991896, 0.991896, 0.992237, 0.991893, 0.991893, 0.991893, 0.991893, 0.995245, 0.991893, 0.991893, 0.991893, 0.991893, 0.991893, 0.991893, 0.991893, 0.991893, 0.991893, 0.991893, 0.991893, 0.991893, 0.991893, 0.991893, 0.991893, 0.991893, 0.991893, 0.995245, 0.991893, 0.996919, 0.996919, 0.998788, 0.996919, 0.996919, 0.996919, 0.996919, 0.996919, 0.996919, 0.996919, 0.998788, 0.996919, 0.996919, 0.998878, 0.998878, 0.998878, 0.998878, 0.998878, 0.998878, 0.999517, 0.998878, 0.998878, 0.998878, 0.999517, 0.998878, 0.998878, 0.998878, 0.999861, 0.999696, 0.999696, 0.999696, 0.999925, 0.999696, 0.999696, 0.999696, 0.999696, 0.999696, 0.999696, 0.999696, 0.999696, 0.999696, 0.999696, 0.999696, 0.999696, 0.999925, 0.999696, 0.999696, 0.999696, 0.999925, 0.999696, 0.999696, 0.999696, 0.999696, 0.999696, 0.999696, 0.999696, 0.999696, 0.999696, 0.999696, 0.999696, 0.999696, 0.999925, 0.999696, 0.999696, 0.999696, 0.999696, 0.999696, 0.999696, 0.999696, 0.999696, 0.999925, 0.999696, 0.999696, 0.999696, 0.999925, 0.999696, 0.999696, 0.999696, 0.999696, 0.999696, 0.999696, 0.999696, 0.999925, 0.999696, 0.999696, 0.999696, 
0.967045, 0.95296, 0.95296, 0.95296, 0.95296, 0.95296, 0.95296, 0.95296, 0.967045, 0.95296, 0.95296, 0.923003, 0.923003, 0.923003, 0.923003, 0.923003, 0.923003, 0.923003, 0.923003, 0.923003, 0.923003, 0.94148, 0.923003, 0.923003, 0.923003, 0.923003, 0.923003, 0.923003, 0.923003, 0.923003, 0.94148, 0.923003, 0.923003, 0.923003, 0.923003, 0.923003, 0.923003, 0.923003, 0.94148, 0.923003, 0.923003, 0.923003, 0.94148, 0.923003, 0.923003, 0.923003, 0.923003, 0.923003, 0.923003, 0.923003, 0.923003, 0.94148, 0.923003, 0.923003, 0.923003, 0.95296, 0.95296, 0.95296, 0.95296, 0.95296, 0.95296, 0.95296, 0.95296, 0.95296, 0.967045, 0.95296, 0.95296, 0.95296, 0.967045, 0.95296, 0.95296, 0.95296, 0.95296, 0.95296, 0.95296, 0.95296, 0.967045, 0.95296, 0.95296, 0.95296, 0.97466, 0.983142, 0.983142, 0.983142, 0.983142, 0.987676, 0.983142, 0.983142, 0.983142, 0.987676, 0.983142, 0.983142, 0.983142, 0.983142, 0.983142, 0.983142, 0.983142, 0.983142, 0.983142, 0.991481, 0.991481, 0.991481, 0.99267, 0.991481, 0.991481, 0.991481, 0.991481, 0.991481, 0.991481, 0.991481, 0.99267, 0.991481, 0.991481, 0.991481, 0.991481, 0.991481, 0.991481, 0.991481, 0.991481, 0.991481, 0.99315, 0.99315, 0.99315, 0.993995, 0.99315, 0.99315, 0.99315, 0.993995, 0.99315, 0.99315, 0.99315, 0.99315, 0.99315, 0.99315, 0.99315, 0.99315, 0.993995, 0.99315, 0.99315, 0.992854, 0.991896, 0.991896, 0.991896, 0.991896, 0.993768, 0.991896, 0.991896, 0.991896, 0.991896, 0.991896, 0.991896, 0.991896, 0.991896, 0.991896, 0.991896, 0.991896, 0.991896, 0.991896, 0.991896, 0.991896, 0.991896, 0.991896, 0.993768, 0.991896, 0.991893, 0.991893, 0.995245, 0.991893, 0.991893, 0.991893, 0.991893, 0.991893, 0.991893, 0.991893, 0.995245, 0.991893, 0.991893, 0.996919, 0.998788, 0.996919, 0.996919, 0.996919, 0.996919, 0.996919, 0.996919, 0.996919, 0.996919, 0.998788, 0.996919, 0.996919, 0.996919, 0.999413, 0.998878, 0.998878, 0.998878, 0.999517, 0.998878, 0.998878, 0.998878, 0.998878, 
0.998878, 0.998878, 0.998878, 0.998878, 0.998878, 0.998878, 0.998878, 0.998878, 0.999517, 0.998878, 0.998878, 0.998878, 0.999517, 0.998878, 0.998878, 0.998878, 0.998878, 0.998878, 0.998878, 0.998878, 0.998878, 0.998878, 0.998878, 0.998878, 0.998878, 0.999517, 0.998878, 0.998878, 0.998878, 0.998878, 0.998878, 0.998878, 0.998878, 0.998878, 0.999517, 0.998878, 0.998878, 0.998878, 0.999517, 0.998878, 0.998878, 0.998878, 0.998878, 0.998878, 0.998878, 0.998878, 0.999517, 0.998878, 0.998878, 0.998878, 0.94148, 0.923003, 0.923003, 0.923003, 0.923003, 0.923003, 0.923003, 0.923003, 0.94148, 0.923003, 0.923003, 0.95296, 0.95296, 0.95296, 0.95296, 0.95296, 0.95296, 0.95296, 0.95296, 0.95296, 0.95296, 0.967045, 0.95296, 0.95296, 0.95296, 0.95296, 0.95296, 0.95296, 0.95296, 0.95296, 0.967045, 0.95296, 0.95296, 0.95296, 0.95296, 0.95296, 0.95296, 0.95296, 0.967045, 0.95296, 0.95296, 0.95296, 0.967045, 0.95296, 0.95296, 0.95296, 0.95296, 0.95296, 0.95296, 0.95296, 0.95296, 0.967045, 0.95296, 0.95296, 0.95296, 0.923003, 0.923003, 0.923003, 0.923003, 0.94148, 0.923003, 0.923003, 0.923003, 0.923003, 0.923003, 0.923003, 0.923003, 0.923003, 0.94148, 0.923003, 0.923003, 0.923003, 0.94148, 0.923003, 0.923003, 0.923003, 0.923003, 0.923003, 0.923003, 0.923003, 0.940659, 0.95296, 0.95296, 0.95296, 0.95296, 0.967045, 0.95296, 0.95296, 0.95296, 0.967045, 0.95296, 0.95296, 0.95296, 0.95296, 0.95296, 0.95296, 0.95296, 0.95296, 0.95296, 0.983142, 0.983142, 0.983142, 0.987676, 0.983142, 0.983142, 0.983142, 0.983142, 0.983142, 0.983142, 0.983142, 0.987676, 0.983142, 0.983142, 0.983142, 0.983142, 0.983142, 0.983142, 0.983142, 0.983142, 0.990591, 0.991481, 0.991481, 0.991481, 0.991481, 0.991481, 0.991481, 0.991481, 0.99267, 0.991481, 0.991481, 0.991481, 0.991481, 0.991481, 0.991481, 0.991481, 0.991481, 0.99267, 0.991481, 0.991481, 0.992526, 0.99315, 0.99315, 0.99315, 0.99315, 0.993995, 0.99315, 0.99315, 0.99315, 0.99315, 0.99315, 
0.99315, 0.99315, 0.99315, 0.99315, 0.99315, 0.99315, 0.99315, 0.993995, 0.99315, 0.99315, 0.99315, 0.99315, 0.99315, 0.99315, 0.991896, 0.991896, 0.993768, 0.991896, 0.991896, 0.991896, 0.991896, 0.991896, 0.991896, 0.991896, 0.993768, 0.991896, 0.991896, 0.991893, 0.995245, 0.991893, 0.991893, 0.991893, 0.991893, 0.991893, 0.991893, 0.991893, 0.991893, 0.995245, 0.991893, 0.991893, 0.991893, 0.998141, 0.996919, 0.996919, 0.996919, 0.998788, 0.996919, 0.996919, 0.996919, 0.996919, 0.996919, 0.996919, 0.996919, 0.996919, 0.996919, 0.996919, 0.996919, 0.996919, 0.998788, 0.996919, 0.996919, 0.996919, 0.998788, 0.996919, 0.996919, 0.996919, 0.996919, 0.996919, 0.996919, 0.996919, 0.996919, 0.996919, 0.996919, 0.996919, 0.996919, 0.998788, 0.996919, 0.996919, 0.996919, 0.996919, 0.996919, 0.996919, 0.996919, 0.996919, 0.998788, 0.996919, 0.996919, 0.996919, 0.996919, 0.996919, 0.996919, 0.996919, 0.998788, 0.996919, 0.996919, 0.996919, 0.998788, 0.996919, 0.996919, 0.996921, 0.967045, 0.95296, 0.95296, 0.95296, 0.95296, 0.95296, 0.95296, 0.95296, 0.967045, 0.95296, 0.95296, 0.983142, 0.983142, 0.983142, 0.983142, 0.983142, 0.983142, 0.983142, 0.983142, 0.983142, 0.983142, 0.987676, 0.983142, 0.983142, 0.983142, 0.983142, 0.983142, 0.983142, 0.983142, 0.983142, 0.987676, 0.983142, 0.983142, 0.983142, 0.983142, 0.983142, 0.983142, 0.983142, 0.987676, 0.983142, 0.983142, 0.983142, 0.987676, 0.983142, 0.983142, 0.983142, 0.983142, 0.983142, 0.983142, 0.983142, 0.983142, 0.987676, 0.983142, 0.983142, 0.983142, 0.95296, 0.95296, 0.95296, 0.95296, 0.967045, 0.95296, 0.95296, 0.95296, 0.95296, 0.95296, 0.95296, 0.95296, 0.95296, 0.967045, 0.95296, 0.95296, 0.95296, 0.967045, 0.95296, 0.95296, 0.95296, 0.95296, 0.95296, 0.95296, 0.95296, 0.940659, 0.923003, 0.923003, 0.923003, 0.923003, 0.94148, 0.923003, 0.923003, 0.923003, 0.94148, 0.923003, 0.923003, 0.923003, 0.923003, 0.923003, 0.923003, 0.923003, 0.923003, 0.923003, 0.95296, 
0.95296, 0.95296, 0.967045, 0.95296, 0.95296, 0.95296, 0.95296, 0.95296, 0.95296, 0.95296, 0.967045, 0.95296, 0.95296, 0.95296, 0.95296, 0.95296, 0.95296, 0.95296, 0.95296, 0.979494, 0.983142, 0.983142, 0.983142, 0.983142, 0.983142, 0.983142, 0.983142, 0.987676, 0.983142, 0.983142, 0.983142, 0.983142, 0.983142, 0.983142, 0.983142, 0.983142, 0.987676, 0.983142, 0.983142, 0.989416, 0.991481, 0.991481, 0.991481, 0.991481, 0.99267, 0.991481, 0.991481, 0.991481, 0.991481, 0.991481, 0.991481, 0.991481, 0.991481, 0.99267, 0.991481, 0.991481, 0.991481, 0.991481, 0.991481, 0.991481, 0.991481, 0.991481, 0.991481, 0.991481, 0.99315, 0.99315, 0.993995, 0.99315, 0.99315, 0.99315, 0.99315, 0.99315, 0.99315, 0.99315, 0.993995, 0.99315, 0.99315, 0.991896, 0.993768, 0.991896, 0.991896, 0.991896, 0.991896, 0.991896, 0.991896, 0.991896, 0.991896, 0.993768, 0.991896, 0.991896, 0.991896, 0.995082, 0.991893, 0.991893, 0.991893, 0.995245, 0.991893, 0.991893, 0.991893, 0.991893, 0.991893, 0.991893, 0.991893, 0.991893, 0.991893, 0.991893, 0.991893, 0.991893, 0.995245, 0.991893, 0.991893, 0.991893, 0.995245, 0.991893, 0.991893, 0.991893, 0.991893, 0.991893, 0.991893, 0.991893, 0.991893, 0.991893, 0.991893, 0.991893, 0.991893, 0.995245, 0.991893, 0.991893, 0.991893, 0.991893, 0.991893, 0.991893, 0.991893, 0.991893, 0.995245, 0.991893, 0.991893, 0.991893, 0.991893, 0.991893, 0.991893, 0.991893, 0.995245, 0.991893, 0.991893, 0.991893, 0.991893, 0.991893, 0.991893, 0.991893, 0.987676, 0.983142, 0.983142, 0.983142, 0.983142, 0.983142, 0.983142, 0.983142, 0.987676, 0.983142, 0.990591, 0.991481, 0.991481, 0.991481, 0.991481, 0.991481, 0.991481, 0.991481, 0.991481, 0.991481, 0.991481, 0.99267, 0.991481, 0.991481, 0.991481, 0.991481, 0.991481, 0.991481, 0.991481, 0.991481, 0.99267, 0.991481, 0.991481, 0.991481, 0.991481, 0.991481, 0.991481, 0.991481, 0.99267, 0.991481, 0.991481, 0.991481, 0.99267, 0.991481, 0.991481, 0.991481, 0.991481, 0.991481, 0.991481, 0.991481, 
0.991481, 0.99267, 0.991481, 0.991481, 0.991481, 0.983142, 0.983142, 0.983142, 0.983142, 0.987676, 0.983142, 0.983142, 0.983142, 0.987676, 0.983142, 0.983142, 0.983142, 0.983142, 0.983142, 0.983142, 0.983142, 0.983142, 0.987676, 0.983142, 0.983142, 0.983142, 0.983142, 0.983142, 0.983142, 0.983142, 0.97466, 0.95296, 0.95296, 0.95296, 0.95296, 0.967045, 0.95296, 0.95296, 0.95296, 0.967045, 0.95296, 0.95296, 0.95296, 0.95296, 0.95296, 0.95296, 0.95296, 0.95296, 0.95296, 0.923003, 0.923003, 0.923003, 0.94148, 0.923003, 0.923003, 0.923003, 0.923003, 0.923003, 0.923003, 0.923003, 0.94148, 0.923003, 0.923003, 0.923003, 0.923003, 0.923003, 0.923003, 0.923003, 0.923003, 0.952704, 0.95296, 0.95296, 0.95296, 0.95296, 0.95296, 0.95296, 0.95296, 0.967045, 0.95296, 0.95296, 0.95296, 0.95296, 0.95296, 0.95296, 0.95296, 0.95296, 0.967045, 0.95296, 0.95296, 0.97466, 0.983142, 0.983142, 0.983142, 0.983142, 0.987676, 0.983142, 0.983142, 0.983142, 0.983142, 0.983142, 0.983142, 0.983142, 0.983142, 0.987676, 0.983142, 0.983142, 0.983142, 0.983142, 0.983142, 0.983142, 0.983142, 0.987676, 0.983142, 0.963918, 0.991481, 0.991481, 0.99267, 0.991481, 0.991481, 0.991481, 0.99267, 0.991481, 0.991481, 0.991481, 0.991481, 0.991481, 0.991481, 0.99315, 0.993995, 0.99315, 0.99315, 0.99315, 0.99315, 0.99315, 0.99315, 0.99315, 0.99315, 0.993995, 0.99315, 0.99315, 0.99315, 0.994, 0.991896, 0.991896, 0.991896, 0.991896, 0.991896, 0.991896, 0.991896, 0.991896, 0.993768, 0.991896, 0.991896, 0.991896, 0.991896, 0.991896, 0.991896, 0.991896, 0.993768, 0.991896, 0.991896, 0.991896, 0.993768, 0.991896, 0.991896, 0.991896, 0.991896, 0.991896, 0.991896, 0.991896, 0.991896, 0.991896, 0.991896, 0.991896, 0.991896, 0.993768, 0.991896, 0.991896, 0.991896, 0.991896, 0.991896, 0.991896, 0.991896, 0.991896, 0.993768, 0.991896, 0.991896, 0.991896, 0.991896, 0.991896, 0.991896, 0.991896, 0.991896, 0.991896, 0.991896, 0.991896, 0.991896, 0.993768, 0.991896, 0.991896, 
0.99267, 0.991481, 0.991481, 0.991481, 0.991481, 0.991481, 0.991481, 0.991481, 0.99267, 0.991481, 0.992526, 0.99315, 0.99315, 0.99315, 0.99315, 0.99315, 0.99315, 0.99315, 0.99315, 0.99315, 0.99315, 0.993995, 0.99315, 0.99315, 0.99315, 0.99315, 0.99315, 0.99315, 0.99315, 0.99315, 0.993995, 0.99315, 0.99315, 0.99315, 0.99315, 0.99315, 0.99315, 0.99315, 0.993995, 0.99315, 0.99315, 0.99315, 0.993995, 0.99315, 0.99315, 0.99315, 0.99315, 0.99315, 0.99315, 0.99315, 0.99315, 0.993995, 0.99315, 0.99315, 0.99315, 0.991481, 0.991481, 0.991481, 0.991481, 0.99267, 0.991481, 0.991481, 0.991481, 0.99267, 0.991481, 0.991481, 0.991481, 0.991481, 0.991481, 0.991481, 0.991481, 0.991481, 0.99267, 0.991481, 0.991481, 0.991481, 0.991481, 0.991481, 0.991481, 0.991481, 0.989416, 0.983142, 0.983142, 0.983142, 0.983142, 0.987676, 0.983142, 0.983142, 0.983142, 0.987676, 0.983142, 0.983142, 0.983142, 0.983142, 0.983142, 0.983142, 0.983142, 0.983142, 0.983142, 0.95296, 0.95296, 0.95296, 0.967045, 0.95296, 0.95296, 0.95296, 0.95296, 0.95296, 0.95296, 0.95296, 0.967045, 0.95296, 0.95296, 0.95296, 0.967045, 0.95296, 0.95296, 0.95296, 0.95296, 0.940659, 0.923003, 0.923003, 0.923003, 0.923003, 0.923003, 0.923003, 0.923003, 0.94148, 0.923003, 0.923003, 0.923003, 0.923003, 0.923003, 0.923003, 0.923003, 0.923003, 0.94148, 0.923003, 0.923003, 0.940659, 0.95296, 0.95296, 0.95296, 0.95296, 0.967045, 0.95296, 0.95296, 0.95296, 0.95296, 0.95296, 0.95296, 0.95296, 0.95296, 0.967045, 0.95296, 0.95296, 0.95296, 0.95296, 0.95296, 0.95296, 0.95296, 0.967045, 0.95296, 0.97466, 0.983142, 0.983142, 0.983142, 0.983142, 0.983142, 0.983142, 0.987676, 0.983142, 0.983142, 0.983142, 0.983142, 0.983142, 0.983142, 0.991481, 0.99267, 0.991481, 0.991481, 0.991481, 0.991481, 0.991481, 0.991481, 0.991481, 0.991481, 0.99267, 0.991481, 0.991481, 0.991481, 0.993673, 0.99315, 0.99315, 0.99315, 0.99315, 0.99315, 0.99315, 0.99315, 0.99315, 
0.993995, 0.99315, 0.99315, 0.99315, 0.99315, 0.99315, 0.99315, 0.99315, 0.993995, 0.99315, 0.99315, 0.99315, 0.99315, 0.99315, 0.99315, 0.99315, 0.99315, 0.993995, 0.99315, 0.99315, 0.99315, 0.99315, 0.99315, 0.99315, 0.99315, 0.993995, 0.99315, 0.99315, 0.99315, 0.99315, 0.99315, 0.99315, 0.99315, 0.99315, 0.993995, 0.99315, 0.99315, 0.99315, 0.99315, 0.99315, 0.99315, 0.99315, 0.99315, 0.99315, 0.99315, 0.99315, 0.99315, 0.993995, 0.99315, 0.99315, 0.993995, 0.99315, 0.99315, 0.99315, 0.99315, 0.99315, 0.99315, 0.99315, 0.993995, 0.99315, 0.990446, 0.991896, 0.991896, 0.993768, 0.991896, 0.991896, 0.991896, 0.991896, 0.991896, 0.991896, 0.991896, 0.993768, 0.991896, 0.991896, 0.991896, 0.991896, 0.991896, 0.991896, 0.991896, 0.991896, 0.993768, 0.991896, 0.991896, 0.991896, 0.991896, 0.991896, 0.991896, 0.991896, 0.993768, 0.991896, 0.991896, 0.991896, 0.993768, 0.991896, 0.991896, 0.991896, 0.991896, 0.991896, 0.991896, 0.991896, 0.991896, 0.993768, 0.991896, 0.991896, 0.991896, 0.99315, 0.99315, 0.99315, 0.99315, 0.993995, 0.99315, 0.99315, 0.99315, 0.993995, 0.99315, 0.99315, 0.99315, 0.99315, 0.99315, 0.99315, 0.99315, 0.99315, 0.993995, 0.99315, 0.99315, 0.99315, 0.99315, 0.99315, 0.99315, 0.99315, 0.992526, 0.991481, 0.991481, 0.991481, 0.991481, 0.99267, 0.991481, 0.991481, 0.991481, 0.99267, 0.991481, 0.991481, 0.991481, 0.991481, 0.991481, 0.991481, 0.991481, 0.991481, 0.991481, 0.983142, 0.983142, 0.983142, 0.987676, 0.983142, 0.983142, 0.983142, 0.983142, 0.983142, 0.983142, 0.983142, 0.987676, 0.983142, 0.983142, 0.983142, 0.987676, 0.983142, 0.983142, 0.983142, 0.983142, 0.97466, 0.95296, 0.95296, 0.95296, 0.95296, 0.95296, 0.95296, 0.95296, 0.967045, 0.95296, 0.95296, 0.95296, 0.95296, 0.95296, 0.95296, 0.95296, 0.95296, 0.967045, 0.95296, 0.95296, 0.940659, 0.923003, 0.923003, 0.923003, 0.923003, 0.94148, 0.923003, 0.923003, 0.923003, 0.923003, 0.923003, 
0.923003, 0.923003, 0.923003, 0.94148, 0.923003, 0.923003, 0.923003, 0.923003, 0.923003, 0.923003, 0.923003, 0.94148, 0.923003, 0.940659, 0.95296, 0.95296, 0.95296, 0.95296, 0.95296, 0.95296, 0.967045, 0.95296, 0.95296, 0.95296, 0.95296, 0.95296, 0.95296, 0.983142, 0.987676, 0.983142, 0.983142, 0.983142, 0.983142, 0.983142, 0.983142, 0.983142, 0.983142, 0.987676, 0.983142, 0.983142, 0.983142, 0.992186, 0.991481, 0.991481, 0.991481, 0.991481, 0.991481, 0.991481, 0.991481, 0.991481, 0.99267, 0.991481, 0.991481, 0.991481, 0.991481, 0.991481, 0.991481, 0.991481, 0.99267, 0.991481, 0.991481, 0.991481, 0.991481, 0.991481, 0.991481, 0.991481, 0.991481, 0.99267, 0.991481, 0.991481, 0.991481, 0.991481, 0.991481, 0.991481, 0.991481, 0.99267, 0.991481, 0.991481, 0.991481, 0.991481, 0.991481, 0.991481, 0.991481, 0.991481, 0.99267, 0.991481, 0.991481, 0.991481, 0.991481, 0.991481, 0.991481, 0.991481, 0.991481, 0.991481, 0.991481, 0.991481, 0.991481, 0.99267, 0.991481, 0.991481, 0.993768, 0.991896, 0.991896, 0.991896, 0.991896, 0.991896, 0.991896, 0.991896, 0.991896, 0.991896, 0.991896, 0.991893, 0.991893, 0.995245, 0.991893, 0.991893, 0.991893, 0.991893, 0.991893, 0.991893, 0.991893, 0.995245, 0.991893, 0.991893, 0.991893, 0.991893, 0.991893, 0.991893, 0.991893, 0.991893, 0.995245, 0.991893, 0.991893, 0.991893, 0.991893, 0.991893, 0.991893, 0.991893, 0.995245, 0.991893, 0.991893, 0.991893, 0.995245, 0.991893, 0.991893, 0.991893, 0.991893, 0.991893, 0.991893, 0.991893, 0.991893, 0.995245, 0.991893, 0.991893, 0.991893, 0.991896, 0.991896, 0.991896, 0.991896, 0.993768, 0.991896, 0.991896, 0.991896, 0.993768, 0.991896, 0.991896, 0.991896, 0.991896, 0.991896, 0.991896, 0.991896, 0.991896, 0.993768, 0.991896, 0.991896, 0.991896, 0.991896, 0.991896, 0.991896, 0.991896, 0.992854, 0.99315, 0.99315, 0.99315, 0.99315, 0.993995, 0.99315, 0.99315, 0.99315, 0.993995, 0.99315, 0.99315, 0.99315, 0.99315, 0.99315, 0.99315, 0.99315, 0.99315, 0.99315, 0.991481, 
0.991481, 0.991481, 0.99267, 0.991481, 0.991481, 0.991481, 0.991481, 0.991481, 0.991481, 0.991481, 0.99267, 0.991481, 0.991481, 0.991481, 0.99267, 0.991481, 0.991481, 0.991481, 0.991481, 0.989416, 0.983142, 0.983142, 0.983142, 0.983142, 0.983142, 0.983142, 0.983142, 0.987676, 0.983142, 0.983142, 0.983142, 0.983142, 0.983142, 0.983142, 0.983142, 0.983142, 0.987676, 0.983142, 0.983142, 0.97466, 0.95296, 0.95296, 0.95296, 0.95296, 0.967045, 0.95296, 0.95296, 0.95296, 0.95296, 0.95296, 0.95296, 0.95296, 0.95296, 0.967045, 0.95296, 0.95296, 0.95296, 0.95296, 0.95296, 0.95296, 0.95296, 0.967045, 0.95296, 0.940659, 0.923003, 0.923003, 0.923003, 0.923003, 0.923003, 0.923003, 0.94148, 0.923003, 0.923003, 0.923003, 0.923003, 0.923003, 0.923003, 0.95296, 0.967045, 0.95296, 0.95296, 0.95296, 0.95296, 0.95296, 0.95296, 0.95296, 0.95296, 0.967045, 0.95296, 0.95296, 0.95296, 0.979494, 0.983142, 0.983142, 0.983142, 0.983142, 0.983142, 0.983142, 0.983142, 0.983142, 0.987676, 0.983142, 0.983142, 0.983142, 0.983142, 0.983142, 0.983142, 0.983142, 0.987676, 0.983142, 0.983142, 0.983142, 0.983142, 0.983142, 0.983142, 0.983142, 0.983142, 0.987676, 0.983142, 0.983142, 0.983142, 0.983142, 0.983142, 0.983142, 0.983142, 0.983142, 0.983142, 0.983142, 0.983142, 0.983142, 0.987676, 0.983142, 0.983142, 0.983142, 0.987676, 0.983142, 0.983142, 0.983142, 0.983142, 0.983142, 0.983142, 0.983142, 0.983142, 0.983142, 0.983142, 0.983142, 0.983142, 0.987676, 0.983142, 0.983142, 0.995245, 0.991893, 0.991893, 0.991893, 0.991893, 0.991893, 0.991893, 0.991893, 0.991893, 0.991893, 0.991893, 0.996919, 0.996919, 0.998788, 0.996919, 0.996919, 0.996919, 0.996919, 0.996919, 0.996919, 0.996919, 0.998788, 0.996919, 0.996919, 0.996919, 0.996919, 0.996919, 0.996919, 0.996919, 0.996919, 0.998788, 0.996919, 0.996919, 0.996919, 0.996919, 0.996919, 0.996919, 0.996919, 0.998788, 0.996919, 0.996919, 0.996919, 0.998788, 0.996919, 0.996919, 0.996919, 0.996919, 0.996919, 0.996919, 0.996919, 
0.996919, 0.998788, 0.996919, 0.996919, 0.996919, 0.991893, 0.991893, 0.991893, 0.991893, 0.995245, 0.991893, 0.991893, 0.991893, 0.995245, 0.991893, 0.991893, 0.991893, 0.991893, 0.991893, 0.991893, 0.991893, 0.991893, 0.995245, 0.991893, 0.991893, 0.991893, 0.991893, 0.991893, 0.991893, 0.991893, 0.994577, 0.991896, 0.991896, 0.991896, 0.991896, 0.991896, 0.991896, 0.991896, 0.991896, 0.993768, 0.991896, 0.991896, 0.991896, 0.993768, 0.991896, 0.991896, 0.991896, 0.991896, 0.992854, 0.99315, 0.99315, 0.99315, 0.99315, 0.99315, 0.99315, 0.99315, 0.99315, 0.99315, 0.99315, 0.99315, 0.993995, 0.99315, 0.99315, 0.99315, 0.993995, 0.99315, 0.99315, 0.99315, 0.99315, 0.992526, 0.991481, 0.991481, 0.991481, 0.991481, 0.991481, 0.991481, 0.991481, 0.99267, 0.991481, 0.991481, 0.991481, 0.991481, 0.991481, 0.991481, 0.991481, 0.991481, 0.99267, 0.991481, 0.991481, 0.989416, 0.983142, 0.983142, 0.983142, 0.983142, 0.987676, 0.983142, 0.983142, 0.983142, 0.983142, 0.983142, 0.983142, 0.983142, 0.983142, 0.987676, 0.983142, 0.983142, 0.983142, 0.983142, 0.983142, 0.983142, 0.983142, 0.987676, 0.983142, 0.97466, 0.95296, 0.95296, 0.95296, 0.95296, 0.95296, 0.95296, 0.967045, 0.95296, 0.95296, 0.95296, 0.95296, 0.95296, 0.95296, 0.923003, 0.94148, 0.923003, 0.923003, 0.923003, 0.923003, 0.923003, 0.923003, 0.923003, 0.923003, 0.94148, 0.923003, 0.923003, 0.923003, 0.952704, 0.95296, 0.95296, 0.95296, 0.95296, 0.95296, 0.95296, 0.95296, 0.95296, 0.967045, 0.95296, 0.95296, 0.95296, 0.95296, 0.95296, 0.95296, 0.95296, 0.967045, 0.95296, 0.95296, 0.95296, 0.95296, 0.95296, 0.95296, 0.95296, 0.95296, 0.967045, 0.95296, 0.95296, 0.95296, 0.95296, 0.95296, 0.95296, 0.95296, 0.95296, 0.95296, 0.95296, 0.95296, 0.95296, 0.967045, 0.95296, 0.95296, 0.95296, 0.967045, 0.95296, 0.95296, 0.95296, 0.95296, 0.95296, 0.95296, 0.95296, 0.95296, 0.95296, 0.95296, 0.95296, 0.95296, 0.95296, 0.95296, 0.95296, 
0.996921, 0.996921, 0.996921, 0.996921, 0.998789, 0.996921, 0.996921, 0.996921, 0.996921, 0.996921, 0.996921, 0.998878, 0.998878, 0.998878, 0.998878, 0.998878, 0.998878, 0.999517, 0.998878, 0.998878, 0.998878, 0.999517, 0.998878, 0.998878, 0.998878, 0.998878, 0.998878, 0.998878, 0.998878, 0.998878, 0.999517, 0.998878, 0.998878, 0.998878, 0.998878, 0.998878, 0.998878, 0.998878, 0.999517, 0.998878, 0.998878, 0.998878, 0.999517, 0.998878, 0.998878, 0.998878, 0.998878, 0.998878, 0.998878, 0.998878, 0.998878, 0.999517, 0.998878, 0.998878, 0.998878, 0.996919, 0.996919, 0.996919, 0.996919, 0.998788, 0.996919, 0.996919, 0.996919, 0.998788, 0.996919, 0.996919, 0.996919, 0.996919, 0.996919, 0.996919, 0.996919, 0.996919, 0.998788, 0.996919, 0.996919, 0.996919, 0.996919, 0.996919, 0.996919, 0.996919, 0.997072, 0.991893, 0.991893, 0.991893, 0.991893, 0.991893, 0.991893, 0.991893, 0.991893, 0.995245, 0.991893, 0.991893, 0.991893, 0.995245, 0.991893, 0.991893, 0.991893, 0.991893, 0.992237, 0.991896, 0.991896, 0.991896, 0.991896, 0.991896, 0.991896, 0.991896, 0.991896, 0.991896, 0.991896, 0.991896, 0.993768, 0.991896, 0.991896, 0.991896, 0.993768, 0.991896, 0.991896, 0.991896, 0.991896, 0.992854, 0.99315, 0.99315, 0.99315, 0.99315, 0.99315, 0.99315, 0.99315, 0.993995, 0.99315, 0.99315, 0.99315, 0.99315, 0.99315, 0.99315, 0.99315, 0.99315, 0.993995, 0.99315, 0.99315, 0.993673, 0.991481, 0.991481, 0.991481, 0.991481, 0.99267, 0.991481, 0.991481, 0.991481, 0.99267, 0.991481, 0.991481, 0.991481, 0.991481, 0.991481, 0.991481, 0.991481, 0.991481, 0.991481, 0.991481, 0.991481, 0.991481, 0.99267, 0.991481, 0.991904, 0.983142, 0.983142, 0.983142, 0.983142, 0.983142, 0.983142, 0.987676, 0.983142, 0.983142, 0.983142, 0.983142, 0.983142, 0.983142, 0.95296, 0.967045, 0.95296, 0.95296, 0.95296, 0.95296, 0.95296, 0.95296, 0.95296, 0.95296, 0.967045, 0.95296, 0.95296, 0.95296, 0.960927, 0.923003, 0.923003, 0.923003, 0.923003, 0.923003, 0.923003, 0.923003, 0.923003, 
0.923003, 0.923003, 0.923003, 0.923003, 0.94148, 0.923003, 0.923003, 0.923003, 0.94148, 0.923003, 0.923003, 0.923003, 0.923003, 0.923003, 0.923003, 0.923003, 0.923003, 0.94148, 0.923003, 0.923003, 0.923003, 0.923003, 0.923003, 0.923003, 0.923003, 0.923003, 0.923003, 0.923003, 0.923003, 0.923003, 0.94148, 0.923003, 0.923003, 0.923003, 0.923003, 0.923003, 0.923003, 0.923003, 0.94148, 0.923003, 0.923003, 0.923003, 0.923003, 0.923003, 0.923003, 0.923003, 0.923003, 0.923003, 0.923003, 0.923003, 0.99889, 0.99889, 0.99889, 0.99889, 0.999521, 0.99889, 0.99889, 0.99889, 0.99889, 0.99889, 0.99889, 0.999698, 0.999698, 0.999697, 0.999698, 0.999698, 0.999698, 0.999926, 0.999697, 0.999696, 0.999696, 0.999925, 0.999696, 0.999696, 0.999696, 0.999696, 0.999696, 0.999696, 0.999696, 0.999696, 0.999925, 0.999696, 0.999696, 0.999696, 0.999696, 0.999696, 0.999696, 0.999696, 0.999925, 0.999696, 0.999696, 0.999696, 0.999925, 0.999696, 0.999696, 0.999696, 0.999696, 0.999696, 0.999696, 0.999696, 0.999696, 0.999925, 0.999696, 0.999696, 0.999696, 0.998878, 0.998878, 0.998878, 0.998878, 0.999517, 0.998878, 0.998878, 0.998878, 0.999517, 0.998878, 0.998878, 0.998878, 0.998878, 0.998878, 0.998878, 0.998878, 0.998878, 0.999517, 0.998878, 0.998878, 0.998878, 0.998878, 0.998878, 0.998878, 0.998878, 0.999238, 0.996919, 0.996919, 0.996919, 0.996919, 0.996919, 0.996919, 0.996919, 0.996919, 0.998788, 0.996919, 0.996919, 0.996919, 0.998788, 0.996919, 0.996919, 0.996919, 0.996919, 0.995069, 0.991893, 0.991893, 0.991893, 0.991893, 0.991893, 0.991893, 0.991893, 0.995245, 0.991893, 0.991893, 0.991893, 0.991893, 0.991893, 0.991893, 0.991893, 0.995245, 0.991893, 0.991893, 0.991893, 0.991893, 0.992237, 0.991896, 0.991896, 0.991896, 0.991896, 0.991896, 0.991896, 0.991896, 0.993768, 0.991896, 0.991896, 0.991896, 0.991896, 0.991896, 0.991896, 0.991896, 0.991896, 0.993768, 0.991896, 0.991896, 0.991896, 0.99315, 0.99315, 0.99315, 0.99315, 0.993995, 0.99315, 0.99315, 0.99315, 0.993995, 0.99315, 
0.99315, 0.99315, 0.99315, 0.99315, 0.99315, 0.99315, 0.99315, 0.99315, 0.99315, 0.99315, 0.99315, 0.993995, 0.99315, 0.99315, 0.991481, 0.991481, 0.991481, 0.99267, 0.991481, 0.991481, 0.991481, 0.991481, 0.991481, 0.991481, 0.991481, 0.991481, 0.991481, 0.990591, 0.987676, 0.983142, 0.983142, 0.983142, 0.983142, 0.987676, 0.983142, 0.983142, 0.983142, 0.983142, 0.983142, 0.983142, 0.983142, 0.985001, 0.95296, 0.95296, 0.95296, 0.95296, 0.95296, 0.95296, 0.95296, 0.95296, 0.95296, 0.95296, 0.95296, 0.95296, 0.967045, 0.95296, 0.95296, 0.95296, 0.967045, 0.95296, 0.95296, 0.95296, 0.95296, 0.95296, 0.95296, 0.95296, 0.95296, 0.967045, 0.95296, 0.95296, 0.95296, 0.95296, 0.95296, 0.95296, 0.95296, 0.95296, 0.95296, 0.95296, 0.95296, 0.95296, 0.967045, 0.95296, 0.95296, 0.95296, 0.95296, 0.95296, 0.95296, 0.95296, 0.967045, 0.95296, 0.95296, 0.95296, 0.95296, 0.95296, 0.95296, 0.95296, 0.95296, 0.95296, 0.95296, 0.95296, 0.99973, 0.99973, 0.99973, 0.99973, 0.999934, 0.99973, 0.99973, 0.99973, 0.99973, 0.99973, 0.99973, 0.999987, 0.999987, 0.999986, 0.999987, 0.999987, 0.999987, 0.999999, 0.999986, 0.999986, 0.999986, 0.999999, 0.999986, 0.999986, 0.999986, 0.999986, 0.999986, 0.999986, 0.999986, 0.999986, 0.999999, 0.999986, 0.999986, 0.999986, 0.999986, 0.999986, 0.999985, 0.999985, 0.999999, 0.999985, 0.999985, 0.999985, 0.999999, 0.999985, 0.999985, 0.999985, 0.999985, 0.999985, 0.999985, 0.999985, 0.999985, 0.999999, 0.999985, 0.999985, 0.999985, 0.999696, 0.999696, 0.999696, 0.999696, 0.999925, 0.999696, 0.999696, 0.999696, 0.999925, 0.999696, 0.999696, 0.999696, 0.999696, 0.999696, 0.999696, 0.999696, 0.999696, 0.999925, 0.999696, 0.999696, 0.999696, 0.999696, 0.999696, 0.999696, 0.999696, 0.999742, 0.998878, 0.998878, 0.998878, 0.998878, 0.998878, 0.998878, 0.998878, 0.998878, 0.999517, 0.998878, 0.998878, 0.998878, 0.999517, 0.998878, 0.998878, 0.998878, 0.998878, 0.998411, 0.996919, 
0.996919, 0.996919, 0.996919, 0.996919, 0.996919, 0.996919, 0.998788, 0.996919, 0.996919, 0.996919, 0.996919, 0.996919, 0.996919, 0.996919, 0.998788, 0.996919, 0.996919, 0.996919, 0.996919, 0.995069, 0.991893, 0.991893, 0.991893, 0.991893, 0.991893, 0.991893, 0.991893, 0.995245, 0.991893, 0.991893, 0.991893, 0.995245, 0.991893, 0.991893, 0.991893, 0.991893, 0.991893, 0.991893, 0.991893, 0.991893, 0.991896, 0.991896, 0.991896, 0.991896, 0.993768, 0.991896, 0.991896, 0.991896, 0.993768, 0.991896, 0.991896, 0.991896, 0.991896, 0.991896, 0.991896, 0.991896, 0.991896, 0.991896, 0.991896, 0.991896, 0.991896, 0.993768, 0.991896, 0.991896, 0.99315, 0.993995, 0.99315, 0.99315, 0.99315, 0.99315, 0.99315, 0.99315, 0.99315, 0.99315, 0.99315, 0.99315, 0.99315, 0.992526, 0.99267, 0.991481, 0.991481, 0.991481, 0.991481, 0.99267, 0.991481, 0.991481, 0.991481, 0.991481, 0.991481, 0.991481, 0.991481, 0.991904, 0.983142, 0.983142, 0.983142, 0.983142, 0.983142, 0.983142, 0.983142, 0.983142, 0.983142, 0.983142, 0.983142, 0.983142, 0.987676, 0.983142, 0.983142, 0.983142, 0.987676, 0.983142, 0.983142, 0.983142, 0.983142, 0.983142, 0.983142, 0.983142, 0.983142, 0.987676, 0.983142, 0.983142, 0.983142, 0.983142, 0.983142, 0.983142, 0.983142, 0.983142, 0.983142, 0.983142, 0.983142, 0.983142, 0.987676, 0.983142, 0.983142, 0.983142, 0.983142, 0.983142, 0.983142, 0.983142, 0.987676, 0.983142, 0.983142, 0.983142, 0.983142, 0.983142, 0.983142, 0.983142, 0.983142, 0.983142, 0.983142, 0.983142, 0.999995, 0.999993, 0.999993, 0.999993, 1, 0.999993, 0.999993, 0.999993, 0.999993, 0.999993, 0.999993, 1, 1, 1, 1, 1, 1, 1, 1, 1, 1, 1, 1, 1, 1, 1, 1, 1, 1, 1, 1, 1, 1, 1, 1, 1, 1, 1, 1, 1, 1, 1, 1, 1, 1, 1, 1, 1, 1, 1, 
1, 1, 1, 1, 1, 0.999986, 0.999986, 0.999986, 0.999986, 0.999999, 0.999985, 0.999985, 0.999985, 0.999999, 0.999985, 0.999985, 0.999985, 0.999985, 0.999985, 0.999985, 0.999985, 0.999985, 0.999999, 0.999985, 0.999985, 0.999985, 0.999985, 0.999985, 0.999985, 0.999985, 0.999984, 0.999696, 0.999696, 0.999696, 0.999696, 0.999696, 0.999696, 0.999696, 0.999696, 0.999925, 0.999696, 0.999696, 0.999696, 0.999925, 0.999696, 0.999696, 0.999696, 0.999696, 0.99943, 0.998878, 0.998878, 0.998878, 0.998878, 0.998878, 0.998878, 0.998878, 0.999517, 0.998878, 0.998878, 0.998878, 0.998878, 0.998878, 0.998878, 0.998878, 0.999517, 0.998878, 0.998878, 0.998878, 0.998878, 0.998411, 0.996919, 0.996919, 0.996919, 0.996919, 0.996919, 0.996919, 0.996919, 0.998788, 0.996919, 0.996919, 0.996919, 0.998788, 0.996919, 0.996919, 0.996919, 0.996919, 0.996919, 0.996919, 0.996919, 0.996919, 0.991893, 0.991893, 0.991893, 0.991893, 0.995245, 0.991893, 0.991893, 0.991893, 0.995245, 0.991893, 0.991893, 0.991893, 0.991893, 0.991893, 0.991893, 0.991893, 0.991893, 0.991893, 0.991893, 0.991893, 0.991893, 0.995245, 0.991893, 0.991893, 0.991896, 0.993768, 0.991896, 0.991896, 0.991896, 0.991896, 0.991896, 0.991896, 0.991896, 0.991896, 0.991896, 0.991896, 0.991896, 0.992854, 0.993995, 0.99315, 0.99315, 0.99315, 0.99315, 0.993995, 0.99315, 0.99315, 0.99315, 0.99315, 0.99315, 0.99315, 0.99315, 0.993673, 0.991481, 0.991481, 0.991481, 0.991481, 0.991481, 0.991481, 0.991481, 0.991481, 0.991481, 0.991481, 0.991481, 0.991481, 0.99267, 0.991481, 0.991481, 0.991481, 0.99267, 0.991481, 0.991481, 0.991481, 0.991481, 0.991481, 0.991481, 0.991481, 0.991481, 0.991481, 0.991481, 0.991481, 0.991481, 0.99267, 0.991481, 0.991481, 0.991481, 0.991481, 0.991481, 0.991481, 0.991481, 0.991481, 0.991481, 0.991481, 0.991481, 0.991481, 0.99267, 0.991481, 0.991481, 0.991481, 0.991481, 0.991481, 0.991481, 0.991481, 0.991481, 0.991481, 0.991481, 0.991481, 0.991481, 0.99267, 0.991481, 0.991481, 
1, 1, 1, 1, 1, 1, 1, 1, 1, 1, 1, 1, 1, 1, 1, 1, 1, 1, 1, 1, 1, 1, 1, 1, 1, 1, 1, 1, 1, 1, 1, 1, 1, 1, 1, 1, 1, 1, 1, 1, 1, 1, 1, 1, 1, 1, 1, 1, 1, 1, 1, 1, 1, 1, 1, 1, 1, 1, 1, 1, 1, 1, 1, 1, 1, 1, 1, 1, 1, 1, 1, 1, 1, 1, 1, 1, 1, 1, 1, 1, 1, 0.999985, 0.999985, 0.999985, 0.999985, 0.999985, 0.999986, 0.999986, 0.999986, 0.999999, 0.999986, 0.999985, 0.999985, 0.999999, 0.999985, 0.999985, 0.999985, 0.999985, 0.999933, 0.999696, 0.999696, 0.999696, 0.999696, 0.999696, 0.999696, 0.999696, 0.999925, 0.999696, 0.999696, 0.999696, 0.999696, 0.999696, 0.999696, 0.999696, 0.999925, 0.999696, 0.999696, 0.999696, 0.999696, 0.99943, 0.998878, 0.998878, 0.998878, 0.998878, 0.998878, 0.998878, 0.998878, 0.999517, 0.998878, 0.998878, 0.998878, 0.999517, 0.998878, 0.998878, 0.998878, 0.998878, 0.998878, 0.999517, 0.998878, 0.99634, 0.996919, 0.996919, 0.998788, 0.996919, 0.996919, 0.996919, 0.996919, 0.996919, 0.998788, 0.996919, 0.996919, 0.996919, 0.996919, 0.996919, 0.996919, 0.996919, 0.996919, 0.998788, 0.996919, 0.996919, 0.996919, 0.996919, 0.996919, 0.996919, 0.991893, 0.995245, 0.991893, 0.991893, 0.991893, 0.991893, 0.991893, 0.991893, 0.991893, 0.991893, 0.995245, 0.991893, 0.991893, 0.98691, 0.993768, 0.991896, 0.991896, 0.991896, 0.991896, 0.993768, 0.991896, 0.991896, 0.991896, 0.991896, 0.991896, 0.991896, 0.991896, 0.994, 0.99315, 0.99315, 0.99315, 0.99315, 0.99315, 0.99315, 0.99315, 0.99315, 
0.99315, 0.99315, 0.99315, 0.99315, 0.993995, 0.99315, 0.99315, 0.99315, 0.993995, 0.99315, 0.99315, 0.99315, 0.99315, 0.99315, 0.99315, 0.99315, 0.99315, 0.99315, 0.99315, 0.99315, 0.99315, 0.993995, 0.99315, 0.99315, 0.99315, 0.99315, 0.99315, 0.99315, 0.99315, 0.99315, 0.99315, 0.99315, 0.99315, 0.99315, 0.993995, 0.99315, 0.99315, 0.99315, 0.99315, 0.99315, 0.99315, 0.99315, 0.99315, 0.99315, 0.99315, 0.99315, 0.99315, 0.993995, 0.99315, 0.99315, 1, 1, 1, 1, 1, 1, 1, 1, 1, 1, 1, 1, 1, 1, 1, 1, 1, 1, 1, 1, 1, 1, 1, 1, 1, 1, 1, 1, 1, 1, 1, 1, 1, 1, 1, 1, 1, 1, 1, 1, 1, 1, 1, 1, 1, 1, 1, 1, 1, 1, 1, 1, 1, 1, 1, 1, 1, 1, 1, 1, 1, 1, 1, 1, 1, 1, 1, 1, 1, 1, 1, 1, 1, 1, 1, 1, 1, 1, 1, 1, 1, 1, 1, 1, 1, 1, 1, 1, 1, 1, 1, 1, 1, 1, 1, 1, 1, 1, 0.999999, 0.999985, 0.999985, 0.999985, 0.999985, 0.999985, 0.999985, 0.999985, 0.999999, 0.999985, 0.999985, 0.999985, 0.999985, 0.999985, 0.999985, 0.999985, 0.999999, 0.999985, 0.999985, 0.999985, 0.999985, 0.999933, 0.999696, 0.999696, 0.999696, 0.999696, 0.999696, 0.999696, 0.999696, 0.999925, 0.999696, 0.999696, 0.999696, 0.999925, 0.999696, 0.999696, 0.999696, 0.999925, 0.999696, 0.999696, 0.999696, 0.99943, 0.998878, 0.998878, 0.998878, 0.998878, 0.998878, 0.998878, 0.998878, 0.998878, 0.999517, 0.998878, 
0.998878, 0.998878, 0.998878, 0.998878, 0.998878, 0.998878, 0.998878, 0.999517, 0.998878, 0.998878, 0.998878, 0.999517, 0.998878, 0.996343, 0.99692, 0.998788, 0.996919, 0.996919, 0.996919, 0.996919, 0.996919, 0.996919, 0.996919, 0.996919, 0.998788, 0.996919, 0.996919, 0.991893, 0.991893, 0.991893, 0.991896, 0.9919, 0.991903, 0.995248, 0.9919, 0.9919, 0.991903, 0.9919, 0.9919, 0.9919, 0.991903, 0.995084, 0.991899, 0.991899, 0.9919, 0.991899, 0.991899, 0.991899, 0.9919, 0.991899, 0.991899, 0.991949, 0.992048, 0.991999, 0.993831, 0.991999, 0.991999, 0.991999, 0.993831, 0.991999, 0.991999, 0.991999, 0.991999, 0.991999, 0.991999, 0.992048, 0.991999, 0.991999, 0.991999, 0.991999, 0.991999, 0.993831, 0.991999, 0.991999, 0.991999, 0.991999, 0.991999, 0.991999, 0.991999, 0.991999, 0.991999, 0.991999, 0.992097, 0.991999, 0.993831, 0.991999, 0.991999, 0.991999, 0.991999, 0.991999, 0.991999, 0.991999, 0.991999, 0.991999, 0.991999, 0.991999, 0.991999, 0.991999, 0.991999, 0.991999, 1, 1, 1, 1, 1, 1, 1, 1, 1, 1, 1, 1, 1, 1, 1, 1, 1, 1, 1, 1, 1, 1, 1, 1, 1, 1, 1, 1, 1, 1, 1, 1, 1, 1, 1, 1, 1, 1, 1, 1, 1, 1, 1, 1, 1, 1, 1, 1, 1, 1, 1, 1, 1, 1, 1, 1, 1, 1, 1, 1, 1, 1, 1, 1, 1, 1, 1, 1, 1, 1, 1, 1, 1, 1, 1, 1, 1, 1, 1, 1, 1, 1, 1, 1, 1, 1, 1, 1, 1, 1, 1, 1, 1, 1, 1, 1, 1, 1, 1, 1, 
1, 1, 1, 1, 1, 1, 1, 1, 1, 1, 1, 1, 1, 1, 1, 1, 1, 1, 1, 0.999999, 0.999986, 0.999986, 0.999986, 0.999986, 0.999986, 0.999986, 0.999986, 0.999999, 0.999986, 0.999986, 0.999986, 0.999999, 0.999986, 0.999986, 0.999986, 0.999999, 0.999986, 0.999986, 0.999986, 0.999934, 0.999698, 0.999698, 0.999698, 0.999698, 0.999698, 0.999698, 0.999698, 0.999698, 0.999926, 0.999698, 0.999698, 0.999698, 0.999926, 0.999698, 0.999698, 0.999698, 0.999698, 0.999698, 0.999698, 0.999698, 0.999698, 0.999925, 0.999698, 0.999435, 0.998884, 0.998878, 0.998878, 0.998878, 0.998878, 0.998878, 0.998878, 0.998878, 0.998878, 0.998878, 0.999517, 0.998878, 0.998878, 0.996921, 0.996922, 0.996921, 0.996949, 0.996976, 0.997004, 0.998806, 0.996976, 0.996976, 0.997004, 0.998806, 0.996976, 0.996976, 0.997004, 0.995163, 0.992048, 0.992048, 0.992121, 0.992048, 0.992048, 0.992048, 0.992121, 0.992048, 0.992048, 0.992622, 0.993625, 0.993129, 0.995911, 0.993129, 0.993129, 0.993129, 0.995911, 0.993129, 0.993129, 0.993129, 0.993129, 0.993129, 0.993129, 0.993129, 0.993129, 0.993129, 0.993129, 0.993625, 0.993129, 0.993129, 0.993129, 0.993129, 0.993129, 0.993129, 0.995911, 0.993129, 0.993129, 0.993129, 0.993129, 0.993129, 0.993625, 0.993129, 0.995911, 0.993129, 0.993625, 0.993129, 0.993129, 0.993129, 0.993129, 0.993129, 0.993129, 0.993129, 0.993129, 0.993129, 0.993129, 0.993129, 0.993129, 0.993129, 1, 1, 1, 1, 1, 1, 1, 1, 1, 1, 1, 1, 1, 1, 1, 1, 1, 1, 1, 1, 1, 1, 1, 1, 1, 1, 1, 1, 1, 1, 1, 1, 1, 1, 1, 1, 1, 1, 1, 1, 1, 1, 1, 1, 1, 1, 1, 1, 1, 1, 
1, 1, 1, 1, 1, 1, 1, 1, 1, 1, 1, 1, 1, 1, 1, 1, 1, 1, 1, 1, 1, 1, 1, 1, 1, 1, 1, 1, 1, 1, 1, 1, 1, 1, 1, 1, 1, 1, 1, 1, 1, 1, 1, 1, 1, 1, 1, 1, 1, 1, 1, 1, 1, 1, 1, 1, 1, 1, 1, 1, 1, 1, 1, 1, 1, 1, 1, 1, 1, 1, 1, 1, 1, 1, 1, 1, 1, 1, 1, 1, 1, 1, 1, 1, 1, 1, 1, 1, 1, 0.999999, 0.999987, 0.999987, 0.999987, 0.999987, 0.999987, 0.999987, 0.999987, 0.999987, 0.999999, 0.999987, 0.999987, 0.999987, 0.999999, 0.999987, 0.999987, 0.999987, 0.999987, 0.999987, 0.999987, 0.999987, 0.999987, 0.999999, 0.999987, 0.999941, 0.999715, 0.999698, 0.9997, 0.999698, 0.999698, 0.999698, 0.9997, 0.999698, 0.999698, 0.999698, 0.999926, 0.999698, 0.999698, 0.99889, 0.999524, 0.99889, 0.998952, 0.999011, 0.999071, 0.999011, 0.999011, 0.999011, 0.999071, 0.999572, 0.999011, 0.999011, 0.999071, 0.998617, 0.997385, 0.997385, 0.997572, 0.997385, 0.997385, 0.997385, 0.997572, 0.997385, 0.997385, 0.998096, 0.9986, 0.9986, 0.99943, 0.9986, 0.999028, 0.9986, 0.99943, 0.9986, 0.9986, 0.9986, 0.9986, 0.9986, 0.9986, 0.9986, 0.9986, 0.9986, 0.9986, 0.999028, 0.9986, 0.9986, 0.9986, 0.9986, 0.9986, 0.9986, 0.99943, 0.9986, 0.9986, 0.9986, 0.9986, 0.9986, 0.999028, 0.9986, 0.99943, 0.9986, 0.999028, 0.9986, 0.9986, 0.9986, 0.9986, 0.9986, 0.9986, 0.9986, 0.9986, 0.9986, 0.9986, 0.9986, 0.9986, 0.9986, 
1, 1, 1, 1, 1, 1, 1, 1, 1, 1, 1, 0.999999, 0.999999, 0.999999, 0.999999, 0.999999, 0.999999, 1, 0.999995, 0.999993, 0.999993, 1, 0.999993, 0.999993, 0.999993, 0.999993, 0.999993, 0.999993, 0.999993, 0.999993, 1, 0.999996, 0.999993, 0.999993, 0.999993, 0.999995, 0.999993, 0.999993, 1, 0.999993, 0.999993, 0.999993, 1, 0.999993, 0.999995, 0.999993, 0.999993, 0.999993, 0.999993, 0.999993, 0.999993, 1, 0.999993, 0.999993, 0.999993, 1, 1, 1, 1, 1, 1, 1, 1, 1, 1, 1, 1, 1, 1, 1, 1, 1, 1, 1, 1, 1, 1, 1, 1, 1, 1, 1, 1, 1, 1, 1, 1, 1, 1, 1, 1, 1, 1, 1, 1, 1, 1, 1, 1, 1, 1, 1, 1, 1, 1, 1, 1, 1, 1, 1, 1, 1, 1, 1, 1, 1, 1, 1, 1, 1, 1, 1, 1, 1, 1, 1, 1, 1, 1, 1, 1, 1, 1, 1, 1, 1, 1, 1, 1, 1, 1, 1, 1, 1, 1, 1, 1, 1, 1, 1, 1, 1, 1, 1, 1, 1, 1, 1, 1, 1, 1, 1, 1, 0.999999, 0.99999, 0.999987, 0.999988, 0.999987, 0.999987, 0.999987, 0.999988, 0.999987, 0.999987, 0.999987, 0.999999, 0.999987, 0.999987, 0.99973, 0.999938, 0.99973, 0.999798, 0.999849, 0.999894, 0.999849, 0.999849, 0.999849, 0.999894, 0.999963, 0.999849, 0.999849, 0.999894, 0.999718, 0.99945, 0.99945, 0.999614, 0.99945, 0.99945, 0.99945, 0.999614, 0.99945, 
0.99945, 0.999723, 0.99986, 0.99986, 0.999938, 0.99986, 0.99995, 0.99986, 0.999938, 0.99986, 0.99986, 0.99986, 0.99986, 0.99986, 0.99986, 0.99986, 0.99986, 0.99986, 0.99986, 0.99995, 0.99986, 0.99986, 0.99986, 0.99986, 0.99986, 0.99986, 0.999938, 0.99986, 0.99986, 0.99986, 0.99986, 0.99986, 0.99995, 0.99986, 0.999938, 0.99986, 0.99995, 0.99986, 0.99986, 0.99986, 0.99986, 0.99986, 0.99986, 0.99986, 0.99986, 0.99986, 0.99986, 0.99986, 0.99986, 0.99986, 1, 1, 1, 1, 1, 1, 1, 1, 1, 1, 1, 0.999999, 0.999999, 0.999999, 0.999999, 0.999999, 0.999999, 1, 0.999974, 0.999962, 0.999962, 0.999989, 0.999962, 0.999962, 0.999962, 0.999962, 0.999962, 0.999962, 0.999962, 0.999962, 0.999989, 0.999989, 0.999962, 0.999962, 0.999962, 0.999975, 0.99982, 0.99982, 0.999947, 0.99982, 0.99982, 0.99982, 0.999947, 0.99982, 0.999885, 0.99982, 0.99982, 0.99982, 0.99982, 0.99982, 0.99982, 0.999947, 0.99982, 0.99982, 0.99982, 1, 0.999993, 0.999993, 0.999993, 0.999993, 0.999993, 0.999993, 0.999993, 1, 0.999993, 0.999993, 0.999995, 1, 0.999993, 0.999995, 0.999995, 0.999993, 0.999993, 0.999993, 0.999989, 0.999995, 0.999999, 0.999999, 0.999998, 0.999998, 1, 1, 1, 1, 1, 1, 1, 1, 1, 1, 1, 1, 1, 1, 1, 1, 1, 1, 1, 1, 1, 1, 1, 1, 1, 1, 1, 1, 1, 1, 1, 1, 1, 1, 1, 1, 1, 1, 1, 1, 1, 1, 1, 1, 1, 1, 1, 1, 1, 1, 1, 1, 1, 1, 1, 1, 1, 1, 1, 1, 1, 1, 1, 1, 1, 1, 1, 1, 1, 1, 
1, 1, 1, 1, 1, 1, 1, 1, 1, 1, 1, 1, 1, 1, 1, 1, 1, 1, 1, 1, 1, 1, 1, 1, 1, 1, 1, 0.999993, 1, 0.999993, 0.999996, 0.999998, 0.999999, 0.999998, 0.999998, 0.999998, 0.999999, 1, 0.999998, 0.999998, 0.999999, 0.999991, 0.999961, 0.999961, 0.999986, 0.999961, 0.999961, 0.999961, 0.999986, 0.999961, 0.999961, 0.999891, 0.999986, 0.999962, 0.999991, 0.999962, 0.999962, 0.999962, 0.999962, 0.999962, 0.999962, 0.999986, 0.999962, 0.999991, 0.999962, 0.999962, 0.999962, 0.999962, 0.999962, 0.999986, 0.999962, 0.999962, 0.999962, 0.999962, 0.999892, 0.999962, 0.999991, 0.999962, 0.999986, 0.999962, 0.999962, 0.999962, 0.999986, 0.999962, 0.999991, 0.999962, 0.999986, 0.999962, 0.999962, 0.999962, 0.999962, 0.999962, 0.999962, 0.999962, 0.999962, 0.999962, 0.999962, 0.999962, 0.999962, 0.999962, 1, 1, 1, 1, 1, 1, 1, 1, 1, 1, 1, 1, 1, 1, 1, 1, 1, 1, 0.999991, 0.999993, 0.999993, 0.999996, 0.999993, 0.999993, 0.999993, 0.999993, 0.999993, 0.999993, 0.999993, 0.999993, 0.999996, 1, 0.999993, 0.999993, 0.999993, 0.999998, 0.99982, 0.99982, 0.999885, 0.99982, 0.99982, 0.99982, 0.999885, 0.99982, 0.999947, 0.99982, 0.99982, 0.99982, 0.99982, 0.99982, 0.99982, 0.999885, 0.99982, 0.99982, 0.99982, 0.999989, 0.999962, 0.999989, 0.99987, 0.99982, 0.99982, 0.99982, 0.99982, 0.999947, 0.99982, 0.99982, 0.999885, 0.999947, 0.99982, 0.999885, 0.999885, 0.99982, 0.99982, 0.99982, 0.99982, 0.99982, 0.999946, 0.999817, 0.999817, 0.999817, 0.999993, 0.999993, 0.999997, 0.999993, 1, 0.999993, 0.999995, 0.999993, 1, 0.999993, 0.999993, 0.999993, 0.999993, 0.999993, 0.999993, 0.999989, 0.999993, 0.999996, 1, 1, 
1, 1, 1, 1, 1, 1, 1, 1, 1, 1, 1, 1, 1, 1, 1, 1, 1, 1, 1, 1, 1, 1, 1, 1, 1, 1, 1, 1, 1, 1, 1, 1, 1, 1, 1, 1, 1, 1, 1, 1, 1, 1, 1, 1, 1, 1, 1, 1, 1, 1, 1, 1, 1, 1, 1, 1, 1, 1, 1, 1, 1, 1, 1, 1, 1, 1, 1, 1, 1, 1, 1, 1, 1, 1, 1, 1, 1, 1, 1, 1, 1, 1, 1, 1, 1, 1, 1, 1, 1, 1, 1, 1, 0.999998, 0.999998, 0.999999, 0.999998, 0.999998, 0.999998, 0.999998, 0.999998, 0.999998, 0.999998, 0.999996, 0.999994, 1, 0.999994, 0.999994, 0.999994, 0.999994, 0.999994, 0.999994, 0.999996, 0.999994, 1, 0.999994, 0.999994, 0.999994, 0.999994, 0.999994, 0.999994, 0.999994, 0.999994, 0.999994, 0.999994, 0.999994, 0.999994, 1, 0.999994, 0.999996, 0.999994, 0.999994, 0.999994, 0.999996, 0.999994, 1, 0.999994, 0.999996, 0.999994, 0.999994, 0.999994, 0.999994, 0.999994, 0.999994, 0.999994, 0.999994, 0.999994, 0.999994, 0.999994, 0.999887, 0.999994, 1, 1, 1, 1, 1, 1, 1, 1, 1, 1, 1, 1, 1, 1, 1, 1, 1, 1, 1, 1, 1, 1, 1, 1, 1, 1, 1, 1, 1, 1, 1, 1, 1, 1, 1, 1, 0.999993, 0.999993, 0.999995, 0.999993, 0.999993, 0.999993, 0.999995, 0.999993, 1, 0.999993, 0.999993, 0.999993, 0.999993, 0.999993, 
0.999993, 0.999995, 0.999993, 0.999993, 0.999993, 0.999996, 0.999993, 1, 0.999964, 0.99982, 0.99982, 0.99982, 0.99982, 0.999885, 0.99982, 0.99982, 0.99982, 0.999885, 0.99982, 0.999947, 0.999947, 0.99982, 0.99982, 0.99982, 0.99982, 0.99982, 0.99975, 0.999155, 0.999155, 0.999155, 0.99982, 0.99982, 0.999926, 0.99982, 0.999947, 0.99982, 0.999975, 0.999962, 0.999989, 0.999962, 0.999962, 0.99982, 0.99982, 0.99982, 0.99982, 0.999719, 0.99982, 0.999819, 0.999964, 0.999993, 0.999993, 0.999993, 0.999993, 1, 0.999999, 0.999998, 0.999996, 0.999995, 0.999995, 0.999993, 1, 0.999995, 0.999993, 0.999993, 0.999993, 0.999995, 0.999993, 0.999993, 0.999993, 1, 1, 1, 1, 1, 1, 1, 1, 1, 1, 1, 1, 1, 1, 1, 1, 1, 1, 1, 1, 1, 1, 1, 1, 1, 1, 1, 1, 1, 1, 1, 1, 1, 1, 1, 1, 1, 1, 1, 1, 1, 1, 1, 1, 1, 1, 1, 1, 1, 1, 1, 1, 1, 1, 1, 1, 1, 1, 1, 1, 1, 1, 1, 1, 1, 1, 1, 1, 1, 1, 1, 1, 1, 1, 1, 1, 1, 1, 1, 1, 1, 1, 1, 1, 1, 1, 1, 1, 1, 1, 1, 1, 1, 1, 1, 1, 1, 1, 1, 1, 1, 1, 1, 1, 1, 1, 1, 1, 1, 1, 1, 1, 1, 1, 1, 1, 1, 1, 1, 1, 1, 1, 1, 1, 0.999991, 1, 1, 1, 1, 1, 1, 
1, 1, 1, 1, 1, 1, 1, 1, 1, 1, 1, 1, 1, 1, 1, 1, 1, 1, 1, 1, 1, 1, 1, 1, 1, 1, 1, 1, 1, 1, 1, 1, 1, 1, 1, 1, 1, 1, 1, 1, 1, 1, 1, 1, 1, 1, 1, 1, 1, 1, 1, 1, 1, 1, 1, 1, 1, 1, 0.999999, 0.999993, 0.999993, 0.999993, 0.999993, 0.999995, 0.999993, 0.999993, 0.999993, 0.999995, 0.999993, 1, 1, 0.999993, 0.999993, 0.999993, 0.999993, 0.999993, 0.999977, 0.999817, 0.999817, 0.999817, 0.99982, 0.99982, 0.999984, 0.99982, 0.999885, 0.99982, 0.999998, 0.999993, 0.999996, 0.999993, 0.999993, 0.99982, 0.99982, 0.99982, 0.99982, 0.999392, 0.99982, 0.99961, 0.99961, 0.99982, 0.99982, 0.999947, 0.99982, 0.999819, 0.999882, 0.999817, 0.999819, 0.999885, 0.999885, 0.99982, 0.999947, 0.999885, 0.99982, 0.99982, 0.99982, 0.999885, 0.99982, 0.99982, 0.99982, 0.999985, 0.999993, 0.999993, 0.999993, 1, 0.999993, 0.999993, 0.999993, 0.999996, 0.999993, 0.999993, 0.999993, 1, 0.999993, 0.999993, 0.999993, 1, 0.999996, 0.999993, 0.999993, 0.999999, 1, 1, 1, 1, 1, 1, 1, 1, 1, 1, 1, 1, 1, 1, 1, 1, 1, 1, 1, 1, 1, 1, 1, 1, 1, 1, 1, 1, 1, 1, 1, 1, 1, 1, 1, 1, 1, 1, 1, 1, 1, 1, 1, 1, 1, 1, 1, 1, 1, 1, 1, 1, 1, 1, 1, 1, 1, 1, 1, 1, 
1, 1, 1, 1, 1, 1, 1, 1, 1, 1, 1, 1, 1, 1, 1, 1, 1, 1, 1, 1, 1, 1, 1, 1, 1, 1, 1, 1, 1, 1, 1, 1, 1, 1, 1, 1, 1, 1, 1, 1, 1, 1, 1, 1, 1, 1, 1, 1, 1, 1, 1, 1, 1, 1, 1, 1, 1, 1, 1, 1, 1, 1, 1, 1, 1, 1, 1, 1, 1, 1, 1, 1, 1, 1, 1, 1, 1, 1, 1, 1, 1, 1, 1, 1, 1, 1, 1, 1, 1, 1, 1, 1, 1, 1, 1, 1, 1, 1, 1, 1, 1, 1, 1, 1, 1, 1, 1, 1, 1, 1, 1, 1, 1, 1, 1, 1, 1, 1, 1, 1, 1, 1, 1, 1, 1, 1, 1, 0.999998, 0.999998, 0.999998, 0.999993, 0.999993, 1, 0.999993, 0.999995, 0.999993, 1, 1, 1, 1, 1, 0.999993, 0.999993, 0.999993, 0.999993, 0.999878, 0.999993, 0.999964, 0.999819, 0.99982, 0.99982, 0.999885, 0.99982, 0.99961, 0.999459, 0.999155, 0.99961, 0.999947, 0.999947, 0.99982, 0.999885, 0.999947, 0.99982, 0.99982, 0.99982, 0.999947, 0.99982, 0.99982, 0.99982, 0.999993, 0.999962, 0.999962, 0.999962, 0.999989, 0.999962, 0.999962, 0.999962, 0.999989, 0.999962, 0.999962, 0.999962, 0.999989, 0.999962, 0.999962, 0.999962, 0.999989, 0.999989, 0.999962, 0.999962, 0.999992, 1, 0.999999, 0.999999, 0.999999, 0.999999, 0.999999, 0.999999, 0.999999, 1, 0.999999, 
0.999999, 0.999999, 1, 0.999999, 0.999999, 0.999999, 0.999999, 0.999999, 0.999999, 0.999999, 0.999999, 1, 0.999999, 1, 1, 1, 1, 1, 1, 1, 1, 1, 1, 1, 1, 1, 1, 1, 1, 1, 1, 1, 1, 1, 1, 1, 1, 1, 1, 1, 1, 1, 1, 1, 1, 1, 1, 1, 1, 1, 1, 1, 1, 1, 1, 1, 1, 1, 1, 1, 1, 1, 1, 1, 1, 1, 1, 1, 1, 1, 1, 1, 1, 1, 1, 1, 1, 1, 1, 1, 1, 1, 1, 1, 1, 1, 1, 1, 1, 1, 1, 1, 1, 1, 1, 1, 1, 1, 1, 1, 1, 1, 1, 1, 1, 1, 1, 1, 1, 1, 1, 1, 1, 1, 1, 1, 1, 1, 1, 1, 1, 1, 1, 1, 1, 1, 1, 1, 1, 1, 1, 1, 1, 1, 1, 1, 1, 1, 1, 1, 1, 1, 1, 1, 1, 1, 1, 1, 1, 1, 1, 1, 1, 1, 1, 1, 1, 1, 1, 1, 1, 1, 1, 1, 1, 1, 1, 1, 1, 1, 1, 1, 1, 1, 1, 1, 1, 1, 1, 1, 1, 1, 1, 1, 1, 1, 1, 1, 1, 1, 1, 1, 1, 1, 1, 0.999997, 1, 1, 0.999996, 0.999993, 
0.999993, 0.999995, 0.999993, 0.999964, 0.999946, 0.999817, 0.999964, 1, 1, 0.999993, 0.999995, 1, 0.999993, 0.999993, 0.999993, 1, 0.999993, 0.999993, 0.999995, 0.999999, 0.999993, 0.999993, 0.999993, 1, 0.999993, 0.999993, 0.999993, 1, 0.999993, 0.999993, 0.999993, 0.999996, 0.999993, 0.999993, 0.999993, 0.999996, 1, 0.999993, 0.999993, 0.999997, 1, 0.999999, 0.999999, 0.999999, 0.999999, 0.999999, 0.999999, 0.999999, 1, 0.999999, 0.999999, 0.999999, 1, 0.999999, 0.999999, 0.999999, 0.999999, 0.999999, 0.999999, 0.999999, 0.999999, 1, 0.999999, 1, 0.999999, 1, 0.999999, 0.999999, 0.999999, 0.999999, 0.999999, 0.999999, 0.999999, 0.999999, 1, 0.999999, 0.999999, 1, 1, 1, 1, 1, 1, 1, 1, 1, 1, 1, 1, 1, 1, 1, 1, 1, 1, 1, 1, 1, 1, 1, 1, 1, 1, 1, 1, 1, 1, 1, 1, 1, 1, 1, 1, 1, 1, 1, 1, 1, 1, 1, 1, 1, 1, 1, 1, 1, 1, 1, 1, 1, 1, 1, 1, 1, 1, 1, 1, 1, 1, 1, 1, 1, 1, 1, 1, 1, 1, 1, 1, 1, 1, 0.999993, 0.999993, 0.999993, 0.999993, 0.999993, 0.999993, 0.999993, 0.999993, 0.999993, 0.999993, 0.99999, 0.999987, 0.999988, 0.999987, 0.999987, 0.999987, 0.999987, 0.999987, 1, 1, 1, 1, 1, 1, 1, 1, 1, 1, 1, 1, 1, 1, 1, 1, 1, 1, 1, 1, 1, 1, 1, 1, 1, 1, 1, 1, 1, 1, 1, 
1, 1, 1, 1, 1, 1, 1, 1, 1, 1, 1, 1, 1, 1, 1, 1, 1, 1, 1, 1, 1, 1, 1, 1, 1, 1, 1, 1, 1, 1, 1, 1, 1, 1, 1, 1, 1, 1, 1, 1, 1, 1, 1, 1, 1, 1, 1, 1, 1, 1, 1, 1, 1, 1, 1, 0.999998, 1, 1, 1, 1, 1, 1, 1, 1, 1, 1, 1, 1, 1, 1, 1, 1, 1, 1, 1, 1, 1, 1, 1, 1, 1, 1, 1, 1, 1, 1, 1, 1, 1, 1, 1, 1, 1, 1, 1, 1, 1, 1, 1, 1, 1, 1, 1, 1, 1, 1, 1, 1, 1, 1, 1, 1, 1, 1, 0.999999, 1, 0.999999, 0.999999, 0.999999, 1, 0.999999, 0.999999, 0.999999, 0.999999, 0.999999, 0.999999, 0.999999, 1, 1, 1, 1, 1, 1, 1, 1, 1, 1, 1, 1, 1, 1, 1, 1, 1, 1, 1, 1, 1, 1, 1, 1, 1, 1, 1, 1, 1, 1, 1, 1, 1, 1, 1, 1, 1, 1, 1, 1, 1, 1, 1, 1, 1, 1, 1, 1, 1, 1, 1, 1, 1, 1, 1, 1, 1, 1, 1, 1, 1, 1, 1, 1, 1, 1, 1, 1, 1, 1, 1, 1, 1, 
0.99973, 0.99973, 0.99973, 0.99973, 0.99973, 0.999938, 0.99973, 0.99973, 0.99973, 0.99973, 0.99973, 0.999715, 0.999698, 0.999698, 0.999698, 0.999698, 0.999698, 0.999698, 0.9997, 0.999986, 0.999986, 0.999986, 0.999986, 0.999986, 0.999986, 0.999986, 0.999986, 0.999999, 0.999986, 0.999986, 0.999986, 0.999999, 0.999986, 0.999986, 0.999986, 0.999999, 1, 1, 1, 1, 1, 1, 1, 1, 1, 1, 1, 1, 1, 1, 1, 1, 0.999978, 1, 1, 1, 1, 1, 1, 1, 1, 1, 1, 1, 1, 1, 1, 1, 1, 1, 1, 1, 1, 1, 1, 1, 1, 1, 1, 1, 1, 1, 1, 1, 1, 1, 1, 1, 1, 1, 1, 1, 1, 1, 1, 1, 1, 1, 1, 1, 1, 1, 1, 0.999997, 1, 1, 1, 1, 1, 1, 1, 1, 1, 1, 1, 1, 1, 1, 1, 1, 1, 1, 1, 1, 1, 1, 1, 1, 1, 1, 1, 1, 1, 1, 1, 1, 1, 1, 1, 1, 1, 1, 1, 1, 1, 1, 1, 1, 1, 1, 1, 1, 1, 1, 1, 1, 1, 1, 1, 1, 1, 1, 1, 1, 1, 1, 1, 1, 1, 1, 1, 1, 1, 1, 1, 1, 1, 1, 1, 1, 1, 1, 1, 1, 1, 1, 1, 1, 1, 1, 1, 1, 1, 1, 1, 1, 1, 1, 1, 1, 
1, 1, 1, 1, 1, 1, 1, 1, 1, 1, 1, 1, 1, 1, 1, 1, 1, 1, 1, 1, 1, 1, 1, 1, 1, 1, 1, 1, 1, 1, 1, 1, 1, 1, 1, 1, 1, 1, 1, 1, 1, 1, 1, 1, 1, 1, 1, 1, 1, 1, 0.99889, 0.999521, 0.99889, 0.99889, 0.99889, 0.999521, 0.99889, 0.99889, 0.99889, 0.998895, 0.99889, 0.998884, 0.998878, 0.998878, 0.998878, 0.998878, 0.998878, 0.998878, 0.998878, 0.999696, 0.999696, 0.999696, 0.999696, 0.999696, 0.999696, 0.999696, 0.999696, 0.999925, 0.999696, 0.999696, 0.999696, 0.999925, 0.999696, 0.999696, 0.999696, 0.999933, 0.999985, 0.999985, 0.999985, 0.999985, 0.999985, 0.999985, 0.999985, 0.999985, 0.999999, 0.999985, 0.999985, 0.999985, 0.999999, 0.999985, 0.999985, 0.999985, 0.99973, 0.999985, 0.999985, 0.999986, 0.999986, 0.999999, 0.999999, 1, 1, 1, 1, 1, 1, 1, 1, 1, 1, 1, 1, 1, 1, 1, 1, 1, 1, 1, 1, 1, 1, 1, 1, 1, 1, 1, 1, 1, 1, 1, 1, 1, 1, 1, 1, 1, 1, 1, 1, 1, 1, 1, 1, 1, 1, 1, 1, 1, 1, 1, 1, 1, 1, 1, 1, 1, 1, 1, 1, 1, 1, 1, 1, 1, 1, 1, 1, 1, 1, 1, 1, 1, 1, 1, 1, 1, 1, 1, 1, 1, 1, 1, 1, 1, 1, 1, 1, 1, 1, 1, 
1, 1, 1, 1, 1, 1, 1, 1, 1, 1, 1, 1, 1, 1, 1, 1, 1, 1, 1, 1, 1, 1, 1, 1, 1, 1, 1, 1, 1, 1, 1, 1, 1, 1, 1, 1, 1, 1, 1, 1, 1, 1, 1, 1, 1, 1, 1, 1, 1, 1, 1, 1, 1, 1, 1, 1, 1, 1, 1, 1, 1, 1, 1, 1, 1, 1, 1, 1, 1, 1, 1, 1, 1, 1, 1, 1, 1, 1, 1, 1, 1, 1, 1, 1, 1, 1, 1, 1, 1, 1, 1, 1, 1, 1, 1, 1, 1, 1, 1, 1, 0.99692, 0.998789, 0.996921, 0.996921, 0.996921, 0.996921, 0.996921, 0.996921, 0.996921, 0.998789, 0.996921, 0.99692, 0.996919, 0.996919, 0.996919, 0.996919, 0.996919, 0.996919, 0.996919, 0.998878, 0.998878, 0.998878, 0.998878, 0.998878, 0.998878, 0.998878, 0.998878, 0.999517, 0.998878, 0.998878, 0.998878, 0.999517, 0.998878, 0.998878, 0.998878, 0.99943, 0.999696, 0.999696, 0.999696, 0.999696, 0.999696, 0.999696, 0.999696, 0.999696, 0.999925, 0.999696, 0.999696, 0.999696, 0.999925, 0.999696, 0.999696, 0.999696, 0.998657, 0.999696, 0.999696, 0.999696, 0.999696, 0.999925, 0.999933, 0.999985, 0.999985, 0.999985, 0.999985, 0.999985, 0.999985, 0.999999, 0.999985, 0.999985, 0.999985, 0.999999, 0.999985, 0.999985, 0.999985, 0.999985, 0.999985, 0.999985, 0.999999, 1, 1, 1, 1, 1, 1, 1, 1, 1, 1, 0.999986, 0.999986, 0.999986, 0.999986, 1, 1, 1, 1, 1, 1, 1, 1, 1, 
1, 1, 1, 1, 1, 1, 1, 1, 1, 1, 1, 1, 1, 1, 1, 1, 1, 1, 1, 1, 1, 1, 1, 1, 1, 1, 1, 1, 1, 1, 1, 1, 1, 1, 1, 1, 1, 1, 1, 1, 1, 1, 1, 1, 1, 1, 1, 1, 1, 1, 1, 1, 1, 1, 1, 1, 1, 1, 1, 1, 1, 1, 1, 1, 1, 1, 1, 1, 1, 1, 1, 1, 1, 1, 1, 1, 1, 1, 1, 1, 1, 1, 1, 1, 1, 1, 1, 1, 1, 1, 1, 1, 1, 1, 1, 1, 1, 1, 1, 1, 1, 1, 1, 1, 1, 1, 1, 1, 1, 1, 1, 1, 1, 1, 1, 1, 1, 1, 1, 1, 1, 1, 1, 1, 1, 1, 1, 1, 1, 1, 1, 1, 1, 1, 1, 1, 1, 1, 1, 1, 1, 1, 1, 1, 1, 1, 1, 1, 1, 1, 0.991893, 0.995245, 0.991893, 0.991893, 0.991893, 0.991893, 0.991893, 0.991893, 0.991893, 0.995245, 0.991893, 0.991893, 0.991893, 0.991893, 0.991893, 0.991893, 0.991893, 0.991893, 0.991893, 0.996919, 0.996919, 0.996919, 0.996919, 0.996919, 0.996919, 0.996919, 0.996919, 0.998788, 0.996919, 0.996919, 0.996919, 0.998788, 0.996919, 0.996919, 0.996919, 0.998411, 0.998878, 0.998878, 0.998878, 0.998878, 0.998878, 0.998878, 0.998878, 0.998878, 0.999517, 0.998878, 0.998878, 0.998878, 0.999517, 0.998878, 
0.998878, 0.998878, 0.998878, 0.998878, 0.998878, 0.998878, 0.998878, 0.998878, 0.99943, 0.999696, 0.999696, 0.999696, 0.999696, 0.999696, 0.999696, 0.999925, 0.999696, 0.999696, 0.999696, 0.999925, 0.999696, 0.999696, 0.999696, 0.999696, 0.999696, 0.999696, 0.999933, 0.999985, 0.999999, 0.999985, 0.999985, 0.999985, 0.999999, 0.999985, 0.999985, 0.999985, 0.999984, 0.999696, 0.999696, 0.999696, 0.999696, 0.999985, 0.999985, 0.999985, 0.999985, 0.999985, 0.999985, 1, 1, 1, 1, 1, 1, 1, 1, 1, 1, 1, 1, 1, 1, 1, 1, 1, 1, 1, 1, 1, 1, 1, 1, 1, 1, 1, 1, 1, 1, 1, 1, 1, 1, 1, 1, 1, 1, 1, 1, 1, 1, 1, 1, 1, 1, 1, 0.999992, 1, 1, 1, 1, 1, 1, 1, 1, 1, 1, 1, 1, 1, 1, 1, 1, 1, 1, 1, 1, 1, 1, 1, 1, 1, 1, 1, 1, 1, 1, 1, 1, 1, 1, 1, 1, 1, 1, 1, 1, 1, 1, 1, 1, 1, 1, 1, 1, 1, 1, 1, 1, 1, 1, 1, 1, 1, 0.999994, 1, 0.999994, 0.999994, 0.999994, 0.999994, 0.999994, 0.999996, 0.999994, 1, 0.999994, 0.999994, 0.999994, 0.999994, 0.999994, 0.999994, 0.999994, 0.999994, 1, 0.999994, 0.999996, 0.999994, 0.999994, 0.999994, 0.999994, 0.999994, 0.999994, 0.999994, 0.999994, 0.999994, 0.999994, 1, 0.999994, 0.999996, 0.999994, 1, 0.999994, 0.999994, 0.999994, 0.999994, 0.999994, 0.999994, 0.999991, 0.999994, 0.999994, 0.999994, 0.999994, 0.999994, 
0.991896, 0.993768, 0.991896, 0.991896, 0.991896, 0.991896, 0.991896, 0.991896, 0.991896, 0.993768, 0.991896, 0.991896, 0.991896, 0.991896, 0.991896, 0.991896, 0.991896, 0.991896, 0.991896, 0.991893, 0.991893, 0.991893, 0.991893, 0.991893, 0.991893, 0.991893, 0.991893, 0.995245, 0.991893, 0.991893, 0.991893, 0.995245, 0.991893, 0.991893, 0.991893, 0.995069, 0.996919, 0.996919, 0.996919, 0.996919, 0.996919, 0.996919, 0.996919, 0.996919, 0.998788, 0.996919, 0.996919, 0.996919, 0.998788, 0.996919, 0.996919, 0.996919, 0.996919, 0.996919, 0.996919, 0.996919, 0.996919, 0.996919, 0.998411, 0.998878, 0.998878, 0.998878, 0.998878, 0.998878, 0.998878, 0.999517, 0.998878, 0.998878, 0.998878, 0.999517, 0.998878, 0.998878, 0.998878, 0.998878, 0.998878, 0.998878, 0.99943, 0.999696, 0.999925, 0.999696, 0.999696, 0.999696, 0.999925, 0.999696, 0.999696, 0.999696, 0.999742, 0.998878, 0.998878, 0.998878, 0.998878, 0.999696, 0.999696, 0.999696, 0.999696, 0.999696, 0.999696, 0.999985, 0.999985, 0.999985, 0.999985, 0.999985, 0.999985, 1, 1, 0.999999, 0.999985, 0.999999, 0.999985, 0.999985, 0.999985, 1, 0.999985, 0.999985, 0.999985, 0.999985, 0.999985, 0.999985, 0.999985, 0.999999, 0.999986, 0.999986, 0.999986, 0.999999, 0.999986, 0.999986, 0.999986, 0.999999, 0.999986, 0.999986, 0.999986, 0.999986, 0.999986, 0.999986, 0.999986, 0.999986, 0.999999, 0.999986, 0.999986, 0.999986, 0.999987, 0.999987, 0.999987, 0.999987, 0.999988, 0.999987, 0.999987, 0.999987, 0.999999, 0.999987, 0.999987, 0.999987, 0.999988, 0.999987, 0.999987, 0.999987, 0.999987, 0.999999, 0.999987, 0.999987, 0.999988, 0.999987, 0.999987, 0.999993, 1, 1, 1, 1, 1, 1, 1, 1, 1, 1, 1, 1, 1, 1, 1, 1, 1, 0.999998, 0.999999, 0.999998, 0.999998, 0.999998, 1, 0.999998, 0.999998, 0.999998, 1, 0.999998, 0.999998, 0.999998, 0.999998, 0.999998, 0.999998, 0.999998, 0.999998, 1, 
0.999998, 0.999998, 0.999962, 0.999991, 0.999962, 0.999962, 0.999962, 0.999962, 0.999962, 0.999986, 0.999962, 0.999991, 0.999962, 0.999962, 0.999962, 0.999962, 0.999962, 0.999962, 0.999962, 0.999962, 0.999962, 0.999962, 0.999986, 0.999962, 0.999991, 0.999962, 0.999962, 0.999962, 0.999962, 0.999962, 0.999962, 0.999962, 0.999962, 0.999991, 0.999962, 0.999986, 0.999962, 0.999991, 0.999962, 0.999962, 0.999962, 0.999962, 0.999962, 0.999962, 0.999892, 0.999962, 0.999962, 0.999962, 0.999962, 0.999962, 0.99315, 0.99315, 0.993995, 0.99315, 0.99315, 0.99315, 0.99315, 0.99315, 0.99315, 0.993995, 0.99315, 0.99315, 0.99315, 0.99315, 0.99315, 0.99315, 0.99315, 0.99315, 0.99315, 0.991896, 0.991896, 0.991896, 0.991896, 0.991896, 0.991896, 0.991896, 0.991896, 0.993768, 0.991896, 0.991896, 0.991896, 0.993768, 0.991896, 0.991896, 0.991896, 0.992237, 0.991893, 0.991893, 0.991893, 0.991893, 0.991893, 0.991893, 0.991893, 0.991893, 0.995245, 0.991893, 0.991893, 0.991893, 0.995245, 0.991893, 0.991893, 0.991893, 0.991893, 0.991893, 0.991893, 0.991893, 0.991893, 0.991893, 0.995069, 0.996919, 0.996919, 0.996919, 0.996919, 0.996919, 0.996919, 0.998788, 0.996919, 0.996919, 0.996919, 0.998788, 0.996919, 0.996919, 0.996919, 0.996919, 0.996919, 0.996919, 0.998411, 0.998878, 0.999517, 0.998878, 0.998878, 0.998878, 0.999517, 0.998878, 0.998878, 0.998878, 0.999238, 0.996919, 0.996919, 0.996919, 0.996919, 0.998878, 0.998878, 0.998878, 0.998878, 0.998878, 0.998878, 0.999696, 0.999696, 0.999696, 0.999696, 0.999696, 0.999696, 0.999996, 0.999985, 0.999933, 0.999696, 0.999982, 0.999696, 0.999696, 0.999696, 0.999925, 0.999696, 0.999696, 0.999696, 0.999696, 0.999696, 0.999696, 0.999696, 0.999925, 0.999696, 0.999696, 0.999696, 0.999925, 0.999696, 0.999696, 0.999696, 0.999925, 0.999696, 0.999696, 0.999696, 0.999696, 0.999696, 0.999696, 0.999696, 0.999696, 0.999925, 0.999696, 0.999696, 0.999697, 0.999698, 0.999698, 0.999698, 0.999698, 0.9997, 0.999698, 0.999698, 0.999698, 0.999926, 0.999698, 
0.999698, 0.999698, 0.9997, 0.999698, 0.999698, 0.999698, 0.999698, 0.999926, 0.999698, 0.999698, 0.9997, 0.999698, 0.999698, 0.99973, 0.999987, 0.999999, 0.999987, 0.999987, 0.999987, 0.999999, 0.999987, 0.999987, 0.999987, 0.999988, 0.999987, 0.999987, 0.99999, 0.999993, 1, 0.999993, 0.999967, 0.999849, 0.999894, 0.999849, 0.999849, 0.999849, 0.999963, 0.999849, 0.999849, 0.999849, 0.999963, 0.999923, 0.999961, 0.999961, 0.999961, 0.999961, 0.999961, 0.999961, 0.999961, 0.99999, 0.999961, 0.999961, 0.99986, 0.99986, 0.99986, 0.99986, 0.99986, 0.999938, 0.99986, 0.99995, 0.99986, 0.999938, 0.99986, 0.99986, 0.99986, 0.99986, 0.99986, 0.99986, 0.99986, 0.99986, 0.99986, 0.99986, 0.99986, 0.99986, 0.999938, 0.99986, 0.99995, 0.99986, 0.99986, 0.99986, 0.99986, 0.99986, 0.99986, 0.999938, 0.99986, 0.99995, 0.99986, 0.999938, 0.99986, 0.99986, 0.99986, 0.99986, 0.99986, 0.99986, 0.999605, 0.99986, 0.99986, 0.99986, 0.99986, 0.999605, 0.991481, 0.991481, 0.991481, 0.991481, 0.991481, 0.99267, 0.991481, 0.991481, 0.991481, 0.99267, 0.991481, 0.991481, 0.991481, 0.991481, 0.991481, 0.991481, 0.991481, 0.991481, 0.991481, 0.99315, 0.99315, 0.99315, 0.99315, 0.99315, 0.99315, 0.99315, 0.99315, 0.993995, 0.99315, 0.99315, 0.99315, 0.993995, 0.99315, 0.99315, 0.99315, 0.992854, 0.991896, 0.991896, 0.991896, 0.993768, 0.991896, 0.991896, 0.991896, 0.991896, 0.991896, 0.991896, 0.991896, 0.991896, 0.993768, 0.991896, 0.991896, 0.991896, 0.991896, 0.991896, 0.991896, 0.991896, 0.991896, 0.991896, 0.992237, 0.991893, 0.991893, 0.995245, 0.991893, 0.991893, 0.991893, 0.991893, 0.991893, 0.991893, 0.991893, 0.995245, 0.991893, 0.991893, 0.991893, 0.991893, 0.991893, 0.991893, 0.995069, 0.996919, 0.998788, 0.996919, 0.996919, 0.996919, 0.998788, 0.996919, 0.996919, 0.996919, 0.997072, 0.991893, 0.991893, 0.991893, 0.991893, 0.996919, 0.996919, 0.996919, 0.996919, 0.996919, 0.996919, 0.998878, 0.998878, 0.999517, 
0.998878, 0.998878, 0.998878, 0.999696, 0.999696, 0.99943, 0.998878, 0.999781, 0.998878, 0.998878, 0.998878, 0.999517, 0.998878, 0.998878, 0.998878, 0.998878, 0.998878, 0.998878, 0.998878, 0.999517, 0.998878, 0.998878, 0.998878, 0.999517, 0.998878, 0.998878, 0.998878, 0.999517, 0.998878, 0.998878, 0.998878, 0.998878, 0.998878, 0.998878, 0.998878, 0.998878, 0.999517, 0.998878, 0.998878, 0.998878, 0.998878, 0.998878, 0.998878, 0.998878, 0.998878, 0.998878, 0.998878, 0.998878, 0.999517, 0.998878, 0.998878, 0.998878, 0.998878, 0.998878, 0.998878, 0.998878, 0.998878, 0.999517, 0.998878, 0.998878, 0.998878, 0.998878, 0.998878, 0.99889, 0.999698, 0.999926, 0.999698, 0.999698, 0.999698, 0.999926, 0.999698, 0.999698, 0.999698, 0.999698, 0.999698, 0.999698, 0.999715, 0.999746, 0.999934, 0.99973, 0.999495, 0.999011, 0.999011, 0.999011, 0.999011, 0.999011, 0.999572, 0.999011, 0.999011, 0.999011, 0.999572, 0.999263, 0.99945, 0.99945, 0.99945, 0.99945, 0.99945, 0.99945, 0.99945, 0.999761, 0.99945, 0.99945, 0.9986, 0.9986, 0.9986, 0.9986, 0.9986, 0.99943, 0.9986, 0.999028, 0.9986, 0.9986, 0.9986, 0.9986, 0.9986, 0.9986, 0.99943, 0.9986, 0.9986, 0.9986, 0.9986, 0.9986, 0.9986, 0.9986, 0.99943, 0.9986, 0.999028, 0.9986, 0.9986, 0.9986, 0.9986, 0.9986, 0.9986, 0.99943, 0.9986, 0.999028, 0.9986, 0.9986, 0.9986, 0.9986, 0.9986, 0.99943, 0.9986, 0.9986, 0.997955, 0.9986, 0.9986, 0.9986, 0.9986, 0.997955, 0.983142, 0.983142, 0.983142, 0.983142, 0.983142, 0.987676, 0.983142, 0.983142, 0.983142, 0.983142, 0.983142, 0.983142, 0.983142, 0.983142, 0.987676, 0.983142, 0.983142, 0.983142, 0.983142, 0.991481, 0.991481, 0.991481, 0.991481, 0.991481, 0.991481, 0.991481, 0.991481, 0.99267, 0.991481, 0.991481, 0.991481, 0.99267, 0.991481, 0.991481, 0.991481, 0.992526, 0.99315, 0.99315, 0.99315, 0.993995, 0.99315, 0.99315, 0.99315, 0.99315, 0.99315, 0.99315, 0.99315, 0.99315, 0.993995, 0.99315, 
0.99315, 0.99315, 0.99315, 0.99315, 0.99315, 0.99315, 0.99315, 0.99315, 0.992854, 0.991896, 0.991896, 0.993768, 0.991896, 0.991896, 0.991896, 0.991896, 0.991896, 0.991896, 0.991896, 0.993768, 0.991896, 0.991896, 0.991896, 0.991896, 0.991896, 0.991896, 0.992237, 0.991893, 0.995245, 0.991893, 0.991893, 0.991893, 0.995245, 0.991893, 0.991893, 0.991893, 0.994577, 0.991896, 0.991896, 0.991896, 0.991896, 0.991893, 0.991893, 0.991893, 0.991893, 0.991893, 0.991893, 0.996919, 0.996919, 0.998788, 0.996919, 0.996919, 0.996919, 0.998878, 0.998878, 0.999238, 0.996919, 0.998788, 0.996919, 0.996919, 0.996919, 0.998788, 0.996919, 0.996919, 0.996919, 0.996919, 0.996919, 0.996919, 0.996919, 0.998788, 0.996919, 0.996919, 0.996919, 0.998788, 0.996919, 0.996919, 0.996919, 0.998788, 0.996919, 0.996919, 0.996919, 0.996919, 0.996919, 0.996919, 0.996919, 0.996919, 0.998788, 0.996919, 0.996919, 0.996919, 0.996919, 0.996919, 0.996919, 0.996919, 0.996919, 0.996919, 0.996919, 0.996919, 0.998788, 0.996919, 0.996919, 0.996919, 0.996919, 0.996919, 0.996919, 0.996919, 0.996919, 0.998788, 0.996919, 0.996919, 0.996919, 0.996919, 0.996919, 0.99692, 0.998878, 0.999517, 0.998878, 0.998878, 0.998878, 0.999517, 0.998878, 0.998878, 0.998878, 0.998878, 0.998878, 0.998878, 0.998884, 0.998895, 0.999521, 0.99889, 0.998432, 0.996976, 0.996976, 0.996976, 0.996976, 0.996976, 0.998806, 0.996976, 0.996976, 0.996976, 0.998806, 0.997193, 0.997385, 0.997385, 0.997385, 0.997385, 0.99717, 0.997385, 0.997385, 0.998954, 0.997572, 0.997385, 0.993129, 0.993129, 0.993129, 0.993129, 0.993129, 0.995911, 0.993129, 0.993625, 0.993129, 0.993129, 0.993129, 0.993129, 0.993129, 0.993129, 0.995911, 0.993129, 0.993129, 0.993129, 0.993129, 0.993129, 0.993129, 0.993129, 0.993129, 0.993129, 0.993625, 0.993129, 0.993129, 0.995911, 0.993129, 0.993129, 0.993129, 0.995911, 0.993129, 0.993625, 0.993129, 0.993129, 0.993129, 0.992559, 0.993129, 0.995911, 0.993129, 0.993129, 0.993129, 0.993129, 0.993129, 0.993129, 0.993129, 0.992559, 
0.95296, 0.967045, 0.95296, 0.95296, 0.95296, 0.95296, 0.95296, 0.95296, 0.95296, 0.95296, 0.967045, 0.95296, 0.95296, 0.95296, 0.967045, 0.95296, 0.95296, 0.95296, 0.95296, 0.983142, 0.983142, 0.983142, 0.983142, 0.983142, 0.983142, 0.983142, 0.983142, 0.987676, 0.983142, 0.983142, 0.983142, 0.987676, 0.983142, 0.983142, 0.983142, 0.989416, 0.991481, 0.991481, 0.991481, 0.99267, 0.991481, 0.991481, 0.991481, 0.991481, 0.991481, 0.991481, 0.991481, 0.991481, 0.99267, 0.991481, 0.991481, 0.991481, 0.991481, 0.991481, 0.991481, 0.991481, 0.991481, 0.991481, 0.992526, 0.99315, 0.99315, 0.993995, 0.99315, 0.99315, 0.99315, 0.99315, 0.99315, 0.99315, 0.99315, 0.993995, 0.99315, 0.99315, 0.99315, 0.99315, 0.99315, 0.99315, 0.992854, 0.991896, 0.993768, 0.991896, 0.991896, 0.991896, 0.993768, 0.991896, 0.991896, 0.991896, 0.994039, 0.99315, 0.99315, 0.99315, 0.99315, 0.991896, 0.991896, 0.991896, 0.991896, 0.991896, 0.991896, 0.991893, 0.991893, 0.995245, 0.991893, 0.991893, 0.991893, 0.998788, 0.996919, 0.991893, 0.991893, 0.995245, 0.991893, 0.991893, 0.991893, 0.995245, 0.991893, 0.991893, 0.991893, 0.991893, 0.991893, 0.991893, 0.991893, 0.995245, 0.991893, 0.991893, 0.991893, 0.995245, 0.991893, 0.991893, 0.991893, 0.995245, 0.991893, 0.991893, 0.991893, 0.991893, 0.991893, 0.991893, 0.991893, 0.991893, 0.991893, 0.991893, 0.991893, 0.991893, 0.995245, 0.991893, 0.991893, 0.991893, 0.991893, 0.991893, 0.991893, 0.991893, 0.995245, 0.991893, 0.991893, 0.991893, 0.991893, 0.991893, 0.991893, 0.991893, 0.991893, 0.995245, 0.991893, 0.991893, 0.991893, 0.991893, 0.991893, 0.991893, 0.996919, 0.998788, 0.996919, 0.996919, 0.996919, 0.998788, 0.996919, 0.996919, 0.996919, 0.996919, 0.996919, 0.996919, 0.99692, 0.996922, 0.998789, 0.996921, 0.990977, 0.9919, 0.995248, 0.9919, 0.9919, 0.9919, 0.995248, 0.9919, 0.9919, 0.9919, 0.995248, 0.991975, 0.992048, 0.992048, 0.992048, 0.992048, 0.991972, 0.992048, 0.992048, 0.99532, 
0.992121, 0.992048, 0.987152, 0.993831, 0.991999, 0.991999, 0.991999, 0.991999, 0.991999, 0.992048, 0.991999, 0.991999, 0.993831, 0.991999, 0.991999, 0.991999, 0.991999, 0.991999, 0.991999, 0.991999, 0.993831, 0.991999, 0.991999, 0.991999, 0.991999, 0.991999, 0.992048, 0.991999, 0.991999, 0.993831, 0.991999, 0.991999, 0.991999, 0.993831, 0.991999, 0.991999, 0.991999, 0.991999, 0.991999, 0.991999, 0.991999, 0.993831, 0.991999, 0.991999, 0.991999, 0.991999, 0.991999, 0.991999, 0.991999, 0.991948, 0.923003, 0.94148, 0.923003, 0.923003, 0.923003, 0.923003, 0.923003, 0.923003, 0.923003, 0.923003, 0.94148, 0.923003, 0.923003, 0.923003, 0.94148, 0.923003, 0.923003, 0.923003, 0.923003, 0.95296, 0.95296, 0.95296, 0.95296, 0.95296, 0.95296, 0.95296, 0.95296, 0.967045, 0.95296, 0.95296, 0.95296, 0.967045, 0.95296, 0.95296, 0.95296, 0.97466, 0.983142, 0.983142, 0.983142, 0.987676, 0.983142, 0.983142, 0.983142, 0.983142, 0.983142, 0.983142, 0.983142, 0.983142, 0.987676, 0.983142, 0.983142, 0.983142, 0.983142, 0.983142, 0.983142, 0.983142, 0.987676, 0.983142, 0.989416, 0.991481, 0.991481, 0.99267, 0.991481, 0.991481, 0.991481, 0.991481, 0.991481, 0.991481, 0.991481, 0.99267, 0.991481, 0.991481, 0.991481, 0.991481, 0.991481, 0.991481, 0.992526, 0.99315, 0.993995, 0.99315, 0.99315, 0.99315, 0.993995, 0.99315, 0.99315, 0.99315, 0.993252, 0.991481, 0.991481, 0.991481, 0.991481, 0.99315, 0.99315, 0.99315, 0.99315, 0.99315, 0.99315, 0.991896, 0.991896, 0.993768, 0.991896, 0.991896, 0.991896, 0.995245, 0.991893, 0.991896, 0.991896, 0.993768, 0.991896, 0.991896, 0.991896, 0.993768, 0.991896, 0.991896, 0.991896, 0.991896, 0.991896, 0.991896, 0.991896, 0.993768, 0.991896, 0.991896, 0.991896, 0.993768, 0.991896, 0.991896, 0.991896, 0.991896, 0.991896, 0.991896, 0.991896, 0.991896, 0.993768, 0.991896, 0.991896, 0.991896, 0.991896, 0.991896, 0.991896, 0.991896, 0.993768, 0.991896, 0.991896, 0.991896, 0.991896, 0.991896, 0.991896, 0.991896, 0.993768, 0.991896, 
0.991896, 0.991896, 0.991896, 0.991896, 0.991896, 0.991896, 0.991896, 0.991896, 0.993768, 0.991896, 0.991896, 0.991896, 0.991896, 0.991896, 0.991893, 0.995245, 0.991893, 0.991893, 0.991893, 0.995245, 0.991893, 0.991893, 0.991893, 0.991893, 0.991893, 0.991893, 0.991893, 0.991893, 0.991893, 0.991893, 0.991893, 0.991896, 0.993768, 0.991896, 0.991896, 0.991896, 0.993768, 0.991896, 0.991896, 0.991896, 0.991896, 0.991898, 0.991899, 0.991899, 0.991899, 0.993769, 0.991898, 0.991899, 0.991899, 0.991899, 0.991899, 0.991899, 0.992854, 0.993995, 0.99315, 0.99315, 0.99315, 0.99315, 0.99315, 0.99315, 0.99315, 0.99315, 0.993995, 0.99315, 0.99315, 0.99315, 0.99315, 0.99315, 0.99315, 0.99315, 0.993995, 0.99315, 0.99315, 0.99315, 0.99315, 0.99315, 0.99315, 0.99315, 0.99315, 0.993995, 0.99315, 0.99315, 0.99315, 0.993995, 0.99315, 0.99315, 0.99315, 0.99315, 0.99315, 0.99315, 0.99315, 0.993995, 0.99315, 0.99315, 0.99315, 0.99315, 0.99315, 0.99315, 0.99315, 0.99315, 0.95296, 0.967045, 0.95296, 0.95296, 0.95296, 0.95296, 0.95296, 0.95296, 0.95296, 0.95296, 0.967045, 0.95296, 0.95296, 0.95296, 0.967045, 0.95296, 0.95296, 0.95296, 0.95296, 0.923003, 0.923003, 0.923003, 0.923003, 0.923003, 0.923003, 0.923003, 0.923003, 0.94148, 0.923003, 0.923003, 0.923003, 0.94148, 0.923003, 0.923003, 0.923003, 0.940659, 0.95296, 0.95296, 0.95296, 0.967045, 0.95296, 0.95296, 0.95296, 0.95296, 0.95296, 0.95296, 0.95296, 0.95296, 0.967045, 0.95296, 0.95296, 0.95296, 0.95296, 0.95296, 0.95296, 0.95296, 0.967045, 0.95296, 0.97466, 0.983142, 0.983142, 0.983142, 0.983142, 0.983142, 0.983142, 0.987676, 0.983142, 0.983142, 0.983142, 0.983142, 0.983142, 0.983142, 0.983142, 0.983142, 0.987676, 0.983142, 0.991481, 0.991481, 0.991481, 0.991481, 0.991481, 0.991481, 0.99267, 0.991481, 0.991481, 0.991481, 0.990591, 0.983142, 0.983142, 0.983142, 0.983142, 0.991481, 0.991481, 0.991481, 0.991481, 0.99267, 0.986054, 0.993995, 0.99315, 0.99315, 
0.99315, 0.99315, 0.99315, 0.993768, 0.994, 0.99315, 0.99315, 0.993995, 0.99315, 0.99315, 0.99315, 0.993995, 0.99315, 0.99315, 0.99315, 0.99315, 0.99315, 0.99315, 0.99315, 0.993995, 0.99315, 0.99315, 0.99315, 0.993995, 0.99315, 0.99315, 0.99315, 0.99315, 0.99315, 0.99315, 0.99315, 0.99315, 0.993995, 0.99315, 0.99315, 0.99315, 0.99315, 0.99315, 0.99315, 0.99315, 0.993995, 0.99315, 0.99315, 0.99315, 0.99315, 0.99315, 0.99315, 0.99315, 0.993995, 0.99315, 0.99315, 0.99315, 0.99315, 0.99315, 0.99315, 0.99315, 0.99315, 0.99315, 0.99315, 0.993995, 0.99315, 0.99315, 0.99315, 0.99315, 0.991896, 0.993768, 0.991896, 0.991896, 0.991896, 0.993768, 0.991896, 0.991896, 0.991896, 0.991896, 0.991896, 0.991896, 0.991896, 0.991896, 0.991896, 0.991896, 0.991896, 0.99315, 0.993995, 0.99315, 0.99315, 0.99315, 0.993995, 0.99315, 0.99315, 0.99315, 0.99315, 0.99315, 0.99315, 0.99315, 0.99315, 0.993995, 0.99315, 0.99315, 0.99315, 0.99315, 0.99315, 0.99315, 0.992526, 0.99267, 0.991481, 0.991481, 0.991481, 0.991481, 0.991481, 0.991481, 0.991481, 0.991481, 0.99267, 0.991481, 0.991481, 0.991481, 0.991481, 0.991481, 0.991481, 0.991481, 0.99267, 0.991481, 0.991481, 0.991481, 0.991481, 0.991481, 0.991481, 0.991481, 0.991481, 0.99267, 0.991481, 0.991481, 0.991481, 0.99267, 0.991481, 0.991481, 0.991481, 0.991481, 0.991481, 0.991481, 0.991481, 0.99267, 0.991481, 0.991481, 0.991481, 0.991481, 0.991481, 0.991481, 0.991481, 0.991481, 0.983142, 0.983142, 0.983142, 0.983142, 0.983142, 0.983142, 0.987676, 0.983142, 0.983142, 0.983142, 0.987676, 0.983142, 0.983142, 0.983142, 0.987676, 0.983142, 0.983142, 0.983142, 0.983142, 0.95296, 0.95296, 0.95296, 0.95296, 0.95296, 0.95296, 0.95296, 0.95296, 0.967045, 0.95296, 0.95296, 0.95296, 0.967045, 0.95296, 0.95296, 0.95296, 0.952704, 0.923003, 0.923003, 0.923003, 0.923003, 0.923003, 0.923003, 0.923003, 0.923003, 0.923003, 0.923003, 0.923003, 0.923003, 0.94148, 0.923003, 
0.923003, 0.923003, 0.923003, 0.923003, 0.923003, 0.923003, 0.94148, 0.923003, 0.940659, 0.95296, 0.95296, 0.95296, 0.95296, 0.95296, 0.95296, 0.967045, 0.95296, 0.95296, 0.95296, 0.95296, 0.95296, 0.95296, 0.95296, 0.967045, 0.95296, 0.95296, 0.983142, 0.983142, 0.983142, 0.983142, 0.983142, 0.983142, 0.987676, 0.983142, 0.983142, 0.983142, 0.979494, 0.95296, 0.95296, 0.95296, 0.95296, 0.983142, 0.983142, 0.983142, 0.987676, 0.983142, 0.989416, 0.991481, 0.991481, 0.991481, 0.991481, 0.991481, 0.991481, 0.993995, 0.992526, 0.991481, 0.991481, 0.99267, 0.991481, 0.991481, 0.991481, 0.99267, 0.991481, 0.991481, 0.991481, 0.991481, 0.991481, 0.991481, 0.991481, 0.99267, 0.991481, 0.991481, 0.991481, 0.99267, 0.991481, 0.991481, 0.991481, 0.991481, 0.991481, 0.991481, 0.991481, 0.991481, 0.99267, 0.991481, 0.991481, 0.991481, 0.991481, 0.991481, 0.991481, 0.991481, 0.99267, 0.991481, 0.991481, 0.991481, 0.991481, 0.991481, 0.991481, 0.991481, 0.991481, 0.991481, 0.991481, 0.991481, 0.991481, 0.99267, 0.991481, 0.991481, 0.991481, 0.991481, 0.991481, 0.991481, 0.99267, 0.991481, 0.991481, 0.991481, 0.99315, 0.993995, 0.99315, 0.99315, 0.99315, 0.993995, 0.99315, 0.99315, 0.99315, 0.99315, 0.99315, 0.99315, 0.99315, 0.99315, 0.99315, 0.99315, 0.99315, 0.991481, 0.99267, 0.991481, 0.991481, 0.991481, 0.99267, 0.991481, 0.991481, 0.991481, 0.991481, 0.991481, 0.991481, 0.991481, 0.991481, 0.99267, 0.991481, 0.991481, 0.991481, 0.991481, 0.991481, 0.991481, 0.989416, 0.987676, 0.983142, 0.983142, 0.983142, 0.983142, 0.983142, 0.983142, 0.983142, 0.983142, 0.987676, 0.983142, 0.983142, 0.983142, 0.983142, 0.983142, 0.983142, 0.983142, 0.987676, 0.983142, 0.983142, 0.983142, 0.983142, 0.983142, 0.983142, 0.983142, 0.983142, 0.987676, 0.983142, 0.983142, 0.983142, 0.987676, 0.983142, 0.983142, 0.983142, 0.983142, 0.983142, 0.983142, 0.983142, 0.983142, 0.983142, 0.983142, 0.983142, 0.983142, 0.987676, 0.983142, 0.983142, 0.983142, 
0.991481, 0.991481, 0.991481, 0.991481, 0.991481, 0.991481, 0.99267, 0.991481, 0.991481, 0.991481, 0.99267, 0.991481, 0.991481, 0.991481, 0.99267, 0.991481, 0.991481, 0.991481, 0.991481, 0.983142, 0.983142, 0.983142, 0.983142, 0.983142, 0.983142, 0.987676, 0.983142, 0.983142, 0.983142, 0.983142, 0.983142, 0.987676, 0.983142, 0.983142, 0.983142, 0.979494, 0.95296, 0.95296, 0.95296, 0.95296, 0.95296, 0.95296, 0.95296, 0.95296, 0.95296, 0.95296, 0.95296, 0.95296, 0.967045, 0.95296, 0.95296, 0.95296, 0.95296, 0.95296, 0.95296, 0.95296, 0.967045, 0.95296, 0.940659, 0.923003, 0.923003, 0.923003, 0.923003, 0.923003, 0.923003, 0.94148, 0.923003, 0.923003, 0.923003, 0.923003, 0.923003, 0.923003, 0.923003, 0.94148, 0.923003, 0.923003, 0.95296, 0.95296, 0.95296, 0.95296, 0.95296, 0.95296, 0.967045, 0.95296, 0.95296, 0.95296, 0.952704, 0.923003, 0.923003, 0.923003, 0.923003, 0.95296, 0.95296, 0.95296, 0.967045, 0.95296, 0.97466, 0.983142, 0.987676, 0.983142, 0.983142, 0.983142, 0.963918, 0.99267, 0.989416, 0.983142, 0.983142, 0.987676, 0.983142, 0.983142, 0.983142, 0.987676, 0.983142, 0.983142, 0.983142, 0.983142, 0.983142, 0.983142, 0.983142, 0.987676, 0.983142, 0.983142, 0.983142, 0.987676, 0.983142, 0.983142, 0.983142, 0.983142, 0.983142, 0.983142, 0.983142, 0.983142, 0.987676, 0.983142, 0.983142, 0.983142, 0.983142, 0.983142, 0.983142, 0.983142, 0.987676, 0.983142, 0.983142, 0.983142, 0.983142, 0.983142, 0.983142, 0.983142, 0.983142, 0.983142, 0.983142, 0.983142, 0.983142, 0.987676, 0.983142, 0.983142, 0.983142, 0.983142, 0.983142, 0.983142, 0.983142, 0.987676, 0.983142, 0.983142, 0.991481, 0.99267, 0.991481, 0.991481, 0.991481, 0.99267, 0.991481, 0.991481, 0.991481, 0.991481, 0.991481, 0.991481, 0.991481, 0.991481, 0.991481, 0.991481, 0.991481, 0.983142, 0.987676, 0.983142, 0.983142, 0.983142, 0.987676, 0.983142, 0.983142, 0.983142, 0.983142, 0.983142, 0.983142, 0.983142, 0.983142, 0.983142, 0.983142, 0.983142, 0.983142, 0.987676, 
0.983142, 0.983142, 0.97466, 0.95296, 0.95296, 0.95296, 0.95296, 0.95296, 0.967045, 0.95296, 0.95296, 0.95296, 0.967045, 0.95296, 0.95296, 0.95296, 0.95296, 0.95296, 0.95296, 0.95296, 0.967045, 0.95296, 0.95296, 0.95296, 0.95296, 0.95296, 0.95296, 0.95296, 0.95296, 0.967045, 0.95296, 0.95296, 0.95296, 0.967045, 0.95296, 0.95296, 0.95296, 0.95296, 0.95296, 0.95296, 0.95296, 0.95296, 0.95296, 0.95296, 0.95296, 0.95296, 0.967045, 0.95296, 0.95296, 0.95296, 0.99315, 0.99315, 0.99315, 0.99315, 0.99315, 0.99315, 0.993995, 0.99315, 0.99315, 0.99315, 0.993995, 0.99315, 0.99315, 0.99315, 0.993995, 0.99315, 0.99315, 0.99315, 0.99315, 0.991481, 0.991481, 0.991481, 0.991481, 0.99267, 0.991481, 0.991481, 0.991481, 0.991481, 0.991481, 0.991481, 0.991481, 0.99267, 0.991481, 0.991481, 0.991481, 0.990591, 0.983142, 0.983142, 0.983142, 0.983142, 0.983142, 0.983142, 0.983142, 0.983142, 0.983142, 0.983142, 0.983142, 0.983142, 0.987676, 0.983142, 0.983142, 0.983142, 0.983142, 0.983142, 0.983142, 0.983142, 0.987676, 0.983142, 0.97466, 0.95296, 0.95296, 0.95296, 0.95296, 0.95296, 0.95296, 0.967045, 0.95296, 0.95296, 0.95296, 0.95296, 0.95296, 0.95296, 0.95296, 0.967045, 0.95296, 0.95296, 0.923003, 0.923003, 0.923003, 0.923003, 0.923003, 0.923003, 0.94148, 0.923003, 0.923003, 0.923003, 0.960927, 0.95296, 0.95296, 0.95296, 0.95296, 0.923003, 0.923003, 0.923003, 0.94148, 0.923003, 0.940659, 0.95296, 0.967045, 0.95296, 0.95296, 0.95296, 0.97466, 0.983142, 0.97466, 0.95296, 0.95296, 0.967045, 0.95296, 0.95296, 0.95296, 0.967045, 0.95296, 0.95296, 0.95296, 0.95296, 0.95296, 0.95296, 0.95296, 0.967045, 0.95296, 0.95296, 0.95296, 0.95296, 0.95296, 0.95296, 0.95296, 0.95296, 0.967045, 0.95296, 0.95296, 0.95296, 0.967045, 0.95296, 0.95296, 0.95296, 0.95296, 0.95296, 0.95296, 0.95296, 0.967045, 0.95296, 0.95296, 0.95296, 0.95296, 0.95296, 0.95296, 0.95296, 0.95296, 0.95296, 
0.95296, 0.95296, 0.95296, 0.967045, 0.95296, 0.95296, 0.95296, 0.95296, 0.95296, 0.95296, 0.95296, 0.967045, 0.95296, 0.95296, 0.983142, 0.987676, 0.983142, 0.983142, 0.983142, 0.987676, 0.983142, 0.983142, 0.983142, 0.983142, 0.983142, 0.983142, 0.983142, 0.983142, 0.983142, 0.983142, 0.983142, 0.95296, 0.967045, 0.95296, 0.95296, 0.95296, 0.967045, 0.95296, 0.95296, 0.95296, 0.95296, 0.95296, 0.95296, 0.95296, 0.95296, 0.95296, 0.95296, 0.95296, 0.95296, 0.967045, 0.95296, 0.95296, 0.952704, 0.923003, 0.923003, 0.923003, 0.923003, 0.923003, 0.94148, 0.923003, 0.923003, 0.923003, 0.94148, 0.923003, 0.923003, 0.923003, 0.923003, 0.923003, 0.923003, 0.923003, 0.923003, 0.923003, 0.923003, 0.923003, 0.923003, 0.94148, 0.923003, 0.923003, 0.923003, 0.94148, 0.923003, 0.923003, 0.923003, 0.94148, 0.923003, 0.923003, 0.923003, 0.923003, 0.923003, 0.923003, 0.923003, 0.923003, 0.923003, 0.923003, 0.923003, 0.923003, 0.94148, 0.923003, 0.923003, 0.923003, 0.991896, 0.991896, 0.991896, 0.991896, 0.991896, 0.991896, 0.991896, 0.991896, 0.991896, 0.991896, 0.994729, 0.991896, 0.991896, 0.991896, 0.993768, 0.991896, 0.991896, 0.991896, 0.991896, 0.99315, 0.99315, 0.99315, 0.993995, 0.99315, 0.99315, 0.99315, 0.99315, 0.99315, 0.99315, 0.99315, 0.99315, 0.993995, 0.99315, 0.99315, 0.99315, 0.993252, 0.991481, 0.991481, 0.991481, 0.991481, 0.991481, 0.991481, 0.991481, 0.991481, 0.991481, 0.991481, 0.991481, 0.991481, 0.99267, 0.991481, 0.991481, 0.991481, 0.991481, 0.991481, 0.991481, 0.991481, 0.99267, 0.991481, 0.989416, 0.983142, 0.983142, 0.983142, 0.983142, 0.983142, 0.983142, 0.987676, 0.983142, 0.983142, 0.983142, 0.983142, 0.983142, 0.983142, 0.983142, 0.987676, 0.983142, 0.983142, 0.95296, 0.967045, 0.95296, 0.95296, 0.95296, 0.95296, 0.95296, 0.95296, 0.95296, 0.95296, 0.985001, 0.983142, 0.983142, 0.983142, 0.983142, 0.95296, 0.95296, 0.95296, 0.967045, 0.95296, 0.940659, 0.923003, 0.94148, 0.923003, 
0.923003, 0.923003, 0.940659, 0.95296, 0.940659, 0.923003, 0.923003, 0.94148, 0.923003, 0.923003, 0.923003, 0.94148, 0.923003, 0.923003, 0.923003, 0.923003, 0.923003, 0.923003, 0.923003, 0.94148, 0.923003, 0.923003, 0.923003, 0.923003, 0.923003, 0.923003, 0.923003, 0.923003, 0.94148, 0.923003, 0.923003, 0.923003, 0.923003, 0.923003, 0.923003, 0.923003, 0.94148, 0.923003, 0.923003, 0.923003, 0.94148, 0.923003, 0.923003, 0.923003, 0.923003, 0.923003, 0.923003, 0.923003, 0.923003, 0.923003, 0.923003, 0.923003, 0.923003, 0.94148, 0.923003, 0.923003, 0.923003, 0.923003, 0.923003, 0.923003, 0.923003, 0.94148, 0.923003, 0.923003, 0.95296, 0.967045, 0.95296, 0.95296, 0.95296, 0.967045, 0.95296, 0.95296, 0.95296, 0.95296, 0.95296, 0.95296, 0.95296, 0.95296, 0.95296, 0.95296, 0.95296, 0.923003, 0.94148, 0.923003, 0.923003, 0.923003, 0.923003, 0.923003, 0.923003, 0.923003, 0.923003, 0.94148, 0.923003, 0.923003, 0.923003, 0.923003, 0.923003, 0.923003, 0.923003, 0.94148, 0.923003, 0.923003, 0.95296, 0.95296, 0.95296, 0.95296, 0.95296, 0.95296, 0.967045, 0.95296, 0.95296, 0.95296, 0.967045, 0.95296, 0.95296, 0.95296, 0.95296, 0.95296, 0.95296, 0.95296, 0.95296, 0.95296, 0.95296, 0.95296, 0.95296, 0.967045, 0.95296, 0.95296, 0.95296, 0.95296, 0.95296, 0.95296, 0.95296, 0.967045, 0.95296, 0.95296, 0.95296, 0.967045, 0.95296, 0.95296, 0.95296, 0.95296, 0.95296, 0.95296, 0.95296, 0.95296, 0.967045, 0.95296, 0.95296, 0.95296, 0.991893, 0.991893, 0.995245, 0.991893, 0.991893, 0.991893, 0.991893, 0.991893, 0.991893, 0.991893, 0.997013, 0.991893, 0.991893, 0.991893, 0.991893, 0.991893, 0.991893, 0.991893, 0.995245, 0.991896, 0.991896, 0.991896, 0.993768, 0.991896, 0.991896, 0.991896, 0.991896, 0.991896, 0.991896, 0.991896, 0.991896, 0.993768, 0.991896, 0.991896, 0.991896, 0.994039, 0.99315, 0.99315, 0.99315, 0.99315, 0.99315, 0.99315, 0.99315, 0.99315, 0.99315, 0.99315, 0.99315, 0.99315, 0.993995, 0.99315, 
0.99315, 0.99315, 0.99315, 0.99315, 0.99315, 0.99315, 0.993995, 0.99315, 0.992526, 0.991481, 0.991481, 0.991481, 0.991481, 0.991481, 0.991481, 0.99267, 0.991481, 0.991481, 0.991481, 0.991481, 0.991481, 0.991481, 0.991481, 0.99267, 0.991481, 0.991481, 0.983142, 0.987676, 0.983142, 0.983142, 0.983142, 0.983142, 0.983142, 0.983142, 0.983142, 0.983142, 0.989416, 0.991481, 0.991481, 0.991481, 0.99267, 0.983142, 0.983142, 0.983142, 0.987676, 0.983142, 0.97466, 0.95296, 0.967045, 0.95296, 0.95296, 0.95296, 0.940659, 0.923003, 0.960927, 0.95296, 0.95296, 0.95296, 0.95296, 0.95296, 0.95296, 0.967045, 0.95296, 0.95296, 0.95296, 0.95296, 0.95296, 0.95296, 0.95296, 0.967045, 0.95296, 0.95296, 0.95296, 0.95296, 0.95296, 0.95296, 0.95296, 0.95296, 0.967045, 0.95296, 0.95296, 0.95296, 0.95296, 0.95296, 0.95296, 0.95296, 0.967045, 0.95296, 0.95296, 0.95296, 0.967045, 0.95296, 0.95296, 0.95296, 0.95296, 0.95296, 0.95296, 0.95296, 0.95296, 0.95296, 0.95296, 0.95296, 0.95296, 0.967045, 0.95296, 0.95296, 0.95296, 0.95296, 0.95296, 0.95296, 0.95296, 0.967045, 0.95296, 0.95296, 0.923003, 0.94148, 0.923003, 0.923003, 0.923003, 0.94148, 0.923003, 0.923003, 0.923003, 0.923003, 0.923003, 0.923003, 0.923003, 0.923003, 0.923003, 0.923003, 0.923003, 0.95296, 0.967045, 0.95296, 0.95296, 0.95296, 0.95296, 0.95296, 0.95296, 0.95296, 0.95296, 0.967045, 0.95296, 0.95296, 0.95296, 0.95296, 0.95296, 0.95296, 0.95296, 0.967045, 0.95296, 0.95296, 0.963918, 0.983142, 0.987676, 0.983142, 0.983142, 0.983142, 0.987676, 0.983142, 0.983142, 0.983142, 0.983142, 0.983142, 0.983142, 0.983142, 0.987676, 0.983142, 0.983142, 0.983142, 0.983142, 0.983142, 0.983142, 0.983142, 0.983142, 0.987676, 0.983142, 0.983142, 0.983142, 0.983142, 0.983142, 0.983142, 0.983142, 0.987676, 0.983142, 0.983142, 0.983142, 0.987676, 0.983142, 0.983142, 0.983142, 0.983142, 0.983142, 0.983142, 0.983142, 0.983142, 0.987676, 0.983142, 0.983142, 0.983142, 
0.996919, 0.996919, 0.998788, 0.996919, 0.996919, 0.996919, 0.996919, 0.996919, 0.996919, 0.996919, 0.99946, 0.996919, 0.996919, 0.996919, 0.996919, 0.996919, 0.996919, 0.996919, 0.998788, 0.991893, 0.991893, 0.991893, 0.995245, 0.991893, 0.991893, 0.991893, 0.991893, 0.991893, 0.991893, 0.991893, 0.991893, 0.995245, 0.991893, 0.991893, 0.991893, 0.994577, 0.991896, 0.991896, 0.991896, 0.991896, 0.991896, 0.991896, 0.991896, 0.991896, 0.991896, 0.991896, 0.991896, 0.991896, 0.993768, 0.991896, 0.991896, 0.991896, 0.991896, 0.991896, 0.991896, 0.991896, 0.993768, 0.991896, 0.992854, 0.99315, 0.99315, 0.99315, 0.99315, 0.99315, 0.99315, 0.993995, 0.99315, 0.99315, 0.99315, 0.99315, 0.99315, 0.99315, 0.99315, 0.993995, 0.99315, 0.99315, 0.991481, 0.99267, 0.991481, 0.991481, 0.991481, 0.991481, 0.991481, 0.991481, 0.991481, 0.991481, 0.992526, 0.99315, 0.99315, 0.99315, 0.993995, 0.991481, 0.991481, 0.991481, 0.99267, 0.991481, 0.989416, 0.983142, 0.987676, 0.983142, 0.983142, 0.983142, 0.979494, 0.95296, 0.983142, 0.983142, 0.983142, 0.983142, 0.983142, 0.983142, 0.983142, 0.987676, 0.983142, 0.983142, 0.983142, 0.983142, 0.983142, 0.983142, 0.983142, 0.987676, 0.983142, 0.983142, 0.983142, 0.983142, 0.983142, 0.983142, 0.983142, 0.983142, 0.987676, 0.983142, 0.983142, 0.983142, 0.983142, 0.983142, 0.983142, 0.983142, 0.987676, 0.983142, 0.983142, 0.983142, 0.987676, 0.983142, 0.983142, 0.983142, 0.983142, 0.983142, 0.983142, 0.983142, 0.983142, 0.983142, 0.983142, 0.983142, 0.983142, 0.983142, 0.983142, 0.983142, 0.983142, 0.987676, 0.983142, 0.983142, 0.983142, 0.987676, 0.983142, 0.983142, 0.95296, 0.967045, 0.95296, 0.95296, 0.95296, 0.967045, 0.95296, 0.95296, 0.95296, 0.95296, 0.95296, 0.95296, 0.95296, 0.95296, 0.95296, 0.95296, 0.95296, 0.983142, 0.987676, 0.983142, 0.983142, 0.983142, 0.983142, 0.983142, 0.983142, 0.983142, 0.983142, 0.987676, 0.983142, 0.983142, 0.983142, 0.983142, 0.983142, 0.983142, 0.983142, 0.983142, 
0.983142, 0.983142, 0.989416, 0.991481, 0.99267, 0.991481, 0.991481, 0.991481, 0.991481, 0.991481, 0.991481, 0.991481, 0.99267, 0.991481, 0.991481, 0.991481, 0.99267, 0.991481, 0.991481, 0.991481, 0.991481, 0.991481, 0.991481, 0.991481, 0.991481, 0.99267, 0.991481, 0.991481, 0.991481, 0.991481, 0.991481, 0.991481, 0.991481, 0.99267, 0.991481, 0.991481, 0.991481, 0.991481, 0.991481, 0.991481, 0.991481, 0.991481, 0.99267, 0.991481, 0.991481, 0.991481, 0.99267, 0.991481, 0.991481, 0.991481, 0.998878, 0.998878, 0.998878, 0.998878, 0.998878, 0.998878, 0.999517, 0.998878, 0.998878, 0.998878, 0.999517, 0.998878, 0.998878, 0.998878, 0.999517, 0.998878, 0.998878, 0.998878, 0.999517, 0.996919, 0.996919, 0.996919, 0.998788, 0.996919, 0.996919, 0.996919, 0.996919, 0.996919, 0.996919, 0.996919, 0.996919, 0.998788, 0.996919, 0.996919, 0.996919, 0.997072, 0.991893, 0.991893, 0.991893, 0.991893, 0.991893, 0.991893, 0.991893, 0.991893, 0.991893, 0.991893, 0.991893, 0.991893, 0.995245, 0.991893, 0.991893, 0.991893, 0.991893, 0.991893, 0.991893, 0.991893, 0.995245, 0.991893, 0.992237, 0.991896, 0.993768, 0.991896, 0.991896, 0.991896, 0.991896, 0.991896, 0.991896, 0.991896, 0.991896, 0.991896, 0.991896, 0.991896, 0.991896, 0.993768, 0.991896, 0.991896, 0.99315, 0.993995, 0.99315, 0.99315, 0.99315, 0.99315, 0.99315, 0.99315, 0.99315, 0.99315, 0.992854, 0.991896, 0.991896, 0.991896, 0.993768, 0.99315, 0.99315, 0.99315, 0.993995, 0.99315, 0.992526, 0.991481, 0.99267, 0.991481, 0.991481, 0.991481, 0.990591, 0.983142, 0.991481, 0.991481, 0.991481, 0.991481, 0.991481, 0.991481, 0.991481, 0.99267, 0.991481, 0.991481, 0.991481, 0.991481, 0.991481, 0.991481, 0.991481, 0.99267, 0.991481, 0.991481, 0.991481, 0.991481, 0.991481, 0.991481, 0.991481, 0.991481, 0.99267, 0.991481, 0.991481, 0.991481, 0.991481, 0.991481, 0.991481, 0.991481, 0.99267, 0.991481, 0.991481, 0.991481, 0.991481, 0.991481, 0.991481, 0.991481, 0.991481, 0.991481, 0.991481, 0.991481, 0.991481, 0.99267, 
0.991481, 0.991481, 0.991481, 0.991481, 0.991481, 0.991481, 0.991481, 0.99267, 0.991481, 0.991481, 0.991481, 0.99267, 0.991481, 0.991481, 0.983142, 0.987676, 0.983142, 0.983142, 0.983142, 0.987676, 0.983142, 0.983142, 0.983142, 0.983142, 0.983142, 0.983142, 0.983142, 0.983142, 0.983142, 0.983142, 0.983142, 0.991481, 0.991481, 0.991481, 0.991481, 0.991481, 0.991481, 0.99267, 0.991481, 0.991481, 0.991481, 0.99267, 0.991481, 0.991481, 0.991481, 0.991481, 0.991481, 0.991481, 0.991481, 0.991481, 0.991481, 0.991481, 0.992526, 0.99315, 0.993995, 0.99315, 0.99315, 0.99315, 0.99315, 0.99315, 0.99315, 0.99315, 0.993995, 0.99315, 0.99315, 0.99315, 0.99315, 0.99315, 0.99315, 0.99315, 0.99315, 0.993995, 0.99315, 0.99315, 0.99315, 0.993995, 0.99315, 0.99315, 0.99315, 0.99315, 0.99315, 0.99315, 0.99315, 0.993995, 0.99315, 0.99315, 0.99315, 0.99315, 0.99315, 0.99315, 0.99315, 0.99315, 0.993995, 0.99315, 0.99315, 0.99315, 0.993995, 0.99315, 0.99315, 0.99315, 0.999696, 0.999696, 0.999696, 0.999696, 0.999696, 0.999696, 0.999925, 0.999696, 0.999696, 0.999696, 0.999925, 0.999696, 0.999696, 0.999696, 0.999925, 0.999696, 0.999696, 0.999696, 0.999925, 0.998878, 0.998878, 0.998878, 0.999517, 0.998878, 0.998878, 0.998878, 0.998878, 0.998878, 0.998878, 0.998878, 0.998878, 0.999517, 0.998878, 0.998878, 0.998878, 0.999238, 0.996919, 0.996919, 0.996919, 0.996919, 0.996919, 0.996919, 0.996919, 0.996919, 0.996919, 0.996919, 0.996919, 0.996919, 0.998788, 0.996919, 0.996919, 0.996919, 0.996919, 0.996919, 0.996919, 0.996919, 0.998788, 0.996919, 0.995069, 0.991893, 0.995245, 0.991893, 0.991893, 0.991893, 0.991893, 0.991893, 0.991893, 0.991893, 0.991893, 0.995245, 0.991893, 0.991893, 0.991893, 0.991893, 0.991893, 0.991893, 0.991896, 0.993768, 0.991896, 0.991896, 0.991896, 0.991896, 0.991896, 0.991896, 0.991896, 0.991896, 0.992237, 0.991893, 0.991893, 0.991893, 0.995245, 0.991896, 0.991896, 0.991896, 0.993768, 0.991896, 0.992854, 0.99315, 0.993995, 0.993995, 
0.99315, 0.99315, 0.991481, 0.991481, 0.99315, 0.99315, 0.99315, 0.99315, 0.99315, 0.99315, 0.99315, 0.993995, 0.99315, 0.99315, 0.99315, 0.99315, 0.99315, 0.99315, 0.99315, 0.993995, 0.99315, 0.99315, 0.99315, 0.99315, 0.99315, 0.99315, 0.99315, 0.99315, 0.993995, 0.99315, 0.99315, 0.99315, 0.99315, 0.99315, 0.99315, 0.99315, 0.993995, 0.99315, 0.99315, 0.99315, 0.99315, 0.99315, 0.99315, 0.99315, 0.99315, 0.99315, 0.99315, 0.99315, 0.99315, 0.993995, 0.99315, 0.99315, 0.99315, 0.99315, 0.99315, 0.99315, 0.99315, 0.993995, 0.99315, 0.99315, 0.99315, 0.993995, 0.99315, 0.99315, 0.991481, 0.99267, 0.991481, 0.991481, 0.991481, 0.99267, 0.991481, 0.991481, 0.991481, 0.991481, 0.991481, 0.991481, 0.991481, 0.991481, 0.991481, 0.991481, 0.991481, 0.99315, 0.99315, 0.99315, 0.99315, 0.99315, 0.99315, 0.993995, 0.99315, 0.99315, 0.99315, 0.993995, 0.99315, 0.99315, 0.99315, 0.99315, 0.99315, 0.99315, 0.99315, 0.99315, 0.99315, 0.99315, 0.992854, 0.991896, 0.991896, 0.991896, 0.991896, 0.993768, 0.991896, 0.991896, 0.991896, 0.991896, 0.993768, 0.991896, 0.991896, 0.991896, 0.991896, 0.991896, 0.991896, 0.991896, 0.991896, 0.993768, 0.991896, 0.991896, 0.991896, 0.993768, 0.991896, 0.991896, 0.991896, 0.991896, 0.991896, 0.991896, 0.991896, 0.993768, 0.991896, 0.991896, 0.991896, 0.991896, 0.991896, 0.991896, 0.991896, 0.991896, 0.993768, 0.991896, 0.991896, 0.991896, 0.991896, 0.991896, 0.991896, 0.991896, 0.999985, 0.999985, 0.999985, 0.999985, 0.999985, 0.999985, 0.999999, 0.999985, 0.999985, 0.999985, 0.999999, 0.999985, 0.999985, 0.999985, 0.999999, 0.999985, 0.999985, 0.999985, 0.999999, 0.999696, 0.999696, 0.999696, 0.999925, 0.999696, 0.999696, 0.999696, 0.999696, 0.999696, 0.999696, 0.999696, 0.999696, 0.999925, 0.999696, 0.999696, 0.999696, 0.999742, 0.998878, 0.998878, 0.998878, 0.998878, 0.998878, 0.998878, 0.998878, 0.998878, 0.998878, 0.998878, 0.998878, 0.998878, 0.999517, 0.998878, 
0.998878, 0.998878, 0.998878, 0.998878, 0.998878, 0.998878, 0.999517, 0.998878, 0.998411, 0.996919, 0.998788, 0.996919, 0.996919, 0.996919, 0.996919, 0.996919, 0.996919, 0.996919, 0.996919, 0.998788, 0.996919, 0.996919, 0.996919, 0.996919, 0.996919, 0.996919, 0.991893, 0.995245, 0.991893, 0.991893, 0.991893, 0.991893, 0.991893, 0.991893, 0.991893, 0.991893, 0.995069, 0.996919, 0.996919, 0.996919, 0.998788, 0.991893, 0.991893, 0.991893, 0.995245, 0.991893, 0.992237, 0.991896, 0.994729, 0.991896, 0.991896, 0.991896, 0.99315, 0.994039, 0.991896, 0.991896, 0.991896, 0.991896, 0.991896, 0.991896, 0.991896, 0.993768, 0.991896, 0.991896, 0.991896, 0.991896, 0.991896, 0.991896, 0.991896, 0.993768, 0.991896, 0.991896, 0.991896, 0.991896, 0.991896, 0.991896, 0.991896, 0.991896, 0.993768, 0.991896, 0.991896, 0.991896, 0.991896, 0.991896, 0.991896, 0.991896, 0.993768, 0.991896, 0.991896, 0.991896, 0.991896, 0.991896, 0.991896, 0.991896, 0.991896, 0.991896, 0.991896, 0.991896, 0.991896, 0.993768, 0.991896, 0.991896, 0.991896, 0.991896, 0.991896, 0.991896, 0.991896, 0.993768, 0.991896, 0.991896, 0.991896, 0.993768, 0.991896, 0.991896, 0.99315, 0.993995, 0.99315, 0.99315, 0.99315, 0.993995, 0.99315, 0.99315, 0.99315, 0.99315, 0.99315, 0.99315, 0.99315, 0.99315, 0.99315, 0.99315, 0.99315, 0.991896, 0.991896, 0.991896, 0.991896, 0.991896, 0.991896, 0.993768, 0.991896, 0.991896, 0.991896, 0.991896, 0.991896, 0.991896, 0.993768, 0.991896, 0.991896, 0.991896, 0.991896, 0.991896, 0.991896, 0.991896, 0.992237, 0.991893, 0.991893, 0.991893, 0.991893, 0.991893, 0.995245, 0.991893, 0.991893, 0.991893, 0.995245, 0.991893, 0.991893, 0.991893, 0.991893, 0.991893, 0.991893, 0.991893, 0.991893, 0.995245, 0.991893, 0.991893, 0.991893, 0.995245, 0.991893, 0.991893, 0.991893, 0.991893, 0.991893, 0.991893, 0.991893, 0.995245, 0.991893, 0.991893, 0.991893, 0.991893, 0.991893, 0.991893, 0.991893, 0.991893, 0.995245, 0.991893, 0.991893, 0.991893, 0.991893, 0.991893, 0.991893, 0.991893, 
1, 1, 1, 1, 1, 1, 1, 1, 1, 1, 1, 1, 1, 1, 1, 1, 1, 1, 1, 0.999985, 0.999985, 0.999985, 0.999999, 0.999985, 0.999985, 0.999985, 0.999985, 0.999985, 0.999985, 0.999985, 0.999985, 0.999999, 0.999985, 0.999985, 0.999985, 0.999984, 0.999696, 0.999696, 0.999696, 0.999696, 0.999696, 0.999696, 0.999696, 0.999696, 0.999696, 0.999696, 0.999696, 0.999696, 0.999925, 0.999696, 0.999696, 0.999696, 0.999696, 0.999696, 0.999696, 0.999696, 0.999925, 0.999696, 0.99943, 0.998878, 0.999517, 0.998878, 0.998878, 0.998878, 0.998878, 0.998878, 0.998878, 0.998878, 0.998878, 0.999517, 0.998878, 0.998878, 0.998878, 0.998878, 0.998878, 0.998878, 0.996919, 0.998788, 0.996919, 0.996919, 0.996919, 0.996919, 0.996919, 0.996919, 0.996919, 0.996919, 0.998411, 0.998878, 0.998878, 0.998878, 0.999517, 0.996919, 0.996919, 0.996919, 0.998788, 0.996919, 0.995069, 0.995245, 0.995245, 0.991893, 0.991893, 0.991893, 0.991896, 0.992237, 0.991893, 0.991893, 0.991893, 0.991893, 0.991893, 0.991893, 0.991893, 0.995245, 0.991893, 0.991893, 0.991893, 0.991893, 0.991893, 0.991893, 0.991893, 0.995245, 0.991893, 0.991893, 0.991893, 0.991893, 0.991893, 0.991893, 0.991893, 0.991893, 0.995245, 0.991893, 0.991893, 0.991893, 0.991893, 0.991893, 0.991893, 0.991893, 0.995245, 0.991893, 0.991893, 0.991893, 0.991893, 0.991893, 0.991893, 0.991893, 0.991893, 0.991893, 0.991893, 0.991893, 0.991893, 0.995245, 0.991893, 0.991893, 0.991893, 0.991893, 0.991893, 0.991893, 0.991893, 0.995245, 0.991893, 0.991893, 0.991893, 0.995245, 0.991893, 0.991893, 0.991896, 0.993768, 0.991896, 0.991896, 0.991896, 0.993768, 0.991896, 0.991896, 0.991896, 0.991896, 0.991896, 0.991896, 0.991896, 0.991896, 0.991896, 0.991896, 0.991896, 0.991893, 0.991893, 0.991893, 0.991893, 0.991893, 0.991893, 0.995245, 0.991893, 0.991893, 0.991893, 0.991893, 0.991893, 0.991893, 0.991893, 0.991893, 0.991893, 0.991893, 0.991893, 0.991893, 
0.995245, 0.991893, 0.995069, 0.996919, 0.996919, 0.996919, 0.996919, 0.996919, 0.998788, 0.996919, 0.996919, 0.996919, 0.998788, 0.996919, 0.996919, 0.996919, 0.996919, 0.996919, 0.996919, 0.996919, 0.996919, 0.998788, 0.996919, 0.996919, 0.996919, 0.998788, 0.996919, 0.996919, 0.996919, 0.996919, 0.996919, 0.996919, 0.996919, 0.998788, 0.996919, 0.996919, 0.996919, 0.996919, 0.996919, 0.996919, 0.996919, 0.996919, 0.998788, 0.996919, 0.996919, 0.996919, 0.996919, 0.996919, 0.996919, 0.996919, 1, 1, 1, 1, 1, 1, 1, 1, 1, 1, 1, 1, 1, 1, 1, 1, 1, 1, 1, 1, 1, 1, 1, 1, 1, 1, 1, 1, 1, 1, 1, 1, 1, 1, 1, 1, 0.999985, 0.999985, 0.999985, 0.999985, 0.999985, 0.999985, 0.999985, 0.999985, 0.999985, 0.999985, 0.999985, 0.999985, 0.999999, 0.999985, 0.999985, 0.999985, 0.999985, 0.999985, 0.999985, 0.999985, 0.999999, 0.999985, 0.999933, 0.999696, 0.999925, 0.999696, 0.999696, 0.999696, 0.999696, 0.999696, 0.999696, 0.999696, 0.999696, 0.999925, 0.999696, 0.999696, 0.999696, 0.999696, 0.999696, 0.999696, 0.998878, 0.999517, 0.998878, 0.998878, 0.998878, 0.998878, 0.998878, 0.998878, 0.998878, 0.998878, 0.99943, 0.999696, 0.999696, 0.999696, 0.999925, 0.998878, 0.998878, 0.998878, 0.999781, 0.998878, 0.996919, 0.996919, 0.998788, 0.996919, 0.996919, 0.996919, 0.997072, 0.995069, 0.996919, 0.996919, 0.998788, 0.996919, 0.996919, 0.996919, 0.996919, 0.996919, 0.996919, 0.996919, 0.996919, 0.996919, 0.996919, 0.996919, 0.996919, 0.998788, 0.996919, 0.996919, 0.996919, 0.996919, 0.996919, 0.996919, 0.996919, 0.996919, 0.998788, 0.996919, 0.996919, 0.996919, 0.996919, 0.996919, 0.996919, 0.996919, 0.998788, 0.996919, 0.996919, 0.996919, 0.996919, 0.996919, 0.996919, 0.996919, 0.996919, 0.996919, 0.996919, 0.996919, 0.996919, 0.998788, 
0.996919, 0.996919, 0.996919, 0.996919, 0.996919, 0.996919, 0.996919, 0.998788, 0.996919, 0.996919, 0.996919, 0.998788, 0.996919, 0.996919, 0.991893, 0.995245, 0.991893, 0.991893, 0.991893, 0.995245, 0.991893, 0.991893, 0.991893, 0.991893, 0.991893, 0.991893, 0.991893, 0.991893, 0.991893, 0.991893, 0.991893, 0.996919, 0.996919, 0.996919, 0.996919, 0.996919, 0.996919, 0.998788, 0.996919, 0.996919, 0.996919, 0.996919, 0.996919, 0.996919, 0.996919, 0.996919, 0.996919, 0.996919, 0.996919, 0.996919, 0.998788, 0.996919, 0.998411, 0.998878, 0.998878, 0.998878, 0.998878, 0.998878, 0.999517, 0.998878, 0.998878, 0.998878, 0.999517, 0.998878, 0.998878, 0.998878, 0.998878, 0.998878, 0.998878, 0.998878, 0.998878, 0.999517, 0.998878, 0.998878, 0.998878, 0.998878, 0.998878, 0.998878, 0.998878, 0.999517, 0.998878, 0.998878, 0.998878, 0.999517, 0.998878, 0.998878, 0.998878, 0.998878, 0.998878, 0.998878, 0.998878, 0.998878, 0.999517, 0.998878, 0.998878, 0.998878, 0.998878, 0.998878, 0.998878, 0.998878, 1, 1, 1, 1, 1, 1, 1, 1, 1, 1, 1, 1, 1, 1, 1, 1, 1, 1, 1, 1, 1, 1, 1, 1, 1, 1, 1, 1, 1, 1, 1, 1, 1, 1, 1, 1, 1, 1, 1, 1, 1, 1, 1, 1, 1, 1, 1, 1, 1, 1, 1, 1, 1, 1, 1, 1, 1, 1, 0.999999, 0.999985, 0.999999, 0.999985, 0.999985, 0.999985, 0.999985, 0.999985, 0.999985, 0.999985, 0.999985, 0.999999, 0.999985, 0.999985, 0.999985, 0.999985, 0.999985, 0.999985, 0.999696, 0.999925, 0.999696, 0.999696, 0.999696, 0.999696, 0.999696, 0.999696, 0.999696, 0.999696, 0.999933, 0.999985, 0.999985, 0.999985, 0.999999, 0.999696, 0.999696, 0.999696, 0.999982, 0.999696, 0.998878, 0.998878, 0.999517, 0.998878, 
0.998878, 0.998878, 0.998411, 0.998411, 0.998878, 0.998878, 0.999517, 0.998878, 0.998878, 0.998878, 0.998878, 0.998878, 0.998878, 0.998878, 0.998878, 0.998878, 0.998878, 0.998878, 0.998878, 0.999517, 0.998878, 0.998878, 0.998878, 0.998878, 0.998878, 0.998878, 0.998878, 0.998878, 0.999517, 0.998878, 0.998878, 0.998878, 0.998878, 0.998878, 0.998878, 0.998878, 0.999517, 0.998878, 0.998878, 0.998878, 0.998878, 0.998878, 0.998878, 0.998878, 0.998878, 0.998878, 0.998878, 0.998878, 0.998878, 0.999517, 0.998878, 0.998878, 0.998878, 0.998878, 0.998878, 0.998878, 0.998878, 0.999517, 0.998878, 0.998878, 0.998878, 0.999517, 0.998878, 0.998878, 0.996919, 0.998788, 0.996919, 0.996919, 0.996919, 0.998788, 0.996919, 0.996919, 0.996919, 0.996919, 0.996919, 0.996919, 0.996919, 0.996919, 0.996919, 0.996919, 0.996919, 0.998878, 0.998878, 0.998878, 0.998878, 0.998878, 0.998878, 0.999517, 0.998878, 0.998878, 0.998878, 0.998878, 0.998878, 0.998878, 0.998878, 0.998878, 0.998878, 0.998878, 0.998878, 0.998878, 0.999517, 0.998878, 0.99634, 0.999696, 0.999925, 0.999696, 0.999696, 0.999696, 0.999925, 0.999696, 0.999696, 0.999696, 0.999925, 0.999696, 0.999696, 0.999696, 0.999696, 0.999696, 0.999696, 0.999696, 0.999696, 0.999925, 0.999696, 0.999696, 0.999696, 0.999696, 0.999696, 0.999696, 0.999696, 0.999925, 0.999696, 0.999696, 0.999696, 0.999925, 0.999696, 0.999696, 0.999696, 0.999696, 0.999696, 0.999696, 0.999696, 0.999696, 0.999696, 0.999696, 0.999696, 0.999696, 0.999925, 0.999696, 0.999696, 0.999696, 1, 1, 1, 1, 1, 1, 1, 1, 1, 1, 1, 1, 1, 1, 1, 1, 1, 1, 1, 1, 1, 1, 1, 1, 1, 1, 1, 1, 1, 1, 1, 1, 1, 1, 1, 1, 1, 1, 1, 1, 1, 1, 1, 1, 1, 1, 1, 1, 1, 1, 
1, 1, 1, 1, 1, 1, 1, 1, 1, 1, 1, 1, 1, 1, 1, 1, 1, 1, 1, 1, 1, 1, 1, 1, 1, 1, 0.999985, 0.999999, 0.999985, 0.999985, 0.999985, 0.999985, 0.999985, 0.999985, 0.999985, 0.999985, 0.999999, 1, 1, 1, 1, 0.999985, 0.999985, 0.999985, 1, 0.999985, 0.999696, 0.999696, 0.999925, 0.999696, 0.999696, 0.999696, 0.99943, 0.999861, 0.999696, 0.999696, 0.999696, 0.999696, 0.999696, 0.999696, 0.999696, 0.999696, 0.999696, 0.999696, 0.999696, 0.999696, 0.999696, 0.999696, 0.999696, 0.999925, 0.999696, 0.999696, 0.999696, 0.999696, 0.999696, 0.999696, 0.999696, 0.999696, 0.999925, 0.999696, 0.999696, 0.999696, 0.999696, 0.999696, 0.999696, 0.999696, 0.999925, 0.999696, 0.999696, 0.999696, 0.999696, 0.999696, 0.999696, 0.999696, 0.999696, 0.999696, 0.999696, 0.999696, 0.999696, 0.999925, 0.999696, 0.999696, 0.999696, 0.999696, 0.999696, 0.999696, 0.999696, 0.999925, 0.999696, 0.999696, 0.999696, 0.999982, 0.999696, 0.998657, 0.998878, 0.999781, 0.998878, 0.998878, 0.998878, 0.998878, 0.998878, 0.998878, 0.998878, 0.998878, 0.998878, 0.998878, 0.998878, 0.998878, 0.998878, 0.998878, 0.998878, 0.999696, 0.999696, 0.999696, 0.999696, 0.999696, 0.999696, 0.999925, 0.999696, 0.999696, 0.999696, 0.999696, 0.999696, 0.999696, 0.999696, 0.999696, 0.999696, 0.999696, 0.999696, 0.999696, 0.999696, 0.999696, 0.999696, 0.999985, 0.999999, 0.999985, 0.999985, 0.999985, 0.999985, 0.999985, 0.999985, 0.999985, 0.999999, 0.999999, 0.999985, 0.999985, 0.999985, 0.999985, 0.999985, 0.999985, 0.999985, 0.999985, 0.999985, 0.999985, 0.999985, 0.999999, 0.999985, 0.999985, 0.999985, 0.999999, 0.999985, 0.999985, 0.999985, 0.999999, 0.999985, 0.999985, 0.999985, 0.999985, 0.999985, 0.999985, 0.999985, 0.999985, 0.999985, 0.999985, 0.999985, 0.999985, 0.999999, 0.999985, 0.999985, 0.999985, 
1, 1, 1, 1, 1, 1, 1, 1, 1, 1, 1, 1, 1, 1, 1, 1, 1, 1, 1, 1, 1, 1, 1, 1, 1, 1, 1, 1, 1, 1, 1, 1, 1, 1, 1, 1, 1, 1, 1, 1, 1, 1, 1, 1, 1, 1, 1, 1, 1, 1, 1, 1, 1, 1, 1, 1, 1, 1, 1, 1, 1, 1, 1, 1, 1, 1, 1, 1, 1, 1, 1, 1, 1, 1, 1, 1, 1, 1, 1, 1, 1, 1, 1, 1, 1, 1, 1, 1, 1, 1, 1, 1, 1, 1, 1, 1, 0.999985, 0.999985, 0.999999, 0.999985, 0.999999, 0.999985, 0.999696, 0.999985, 0.999985, 0.999985, 0.999985, 0.999985, 0.999985, 0.999985, 0.999985, 0.999985, 0.999985, 0.999985, 0.999985, 0.999985, 0.999985, 0.999985, 0.999985, 0.999985, 0.999985, 0.999985, 0.999985, 0.999985, 0.999999, 0.999985, 0.999985, 0.999985, 0.999999, 0.999985, 0.999985, 0.999985, 0.999985, 0.999985, 0.999985, 0.999985, 0.999985, 0.999985, 0.999985, 0.999985, 0.999985, 0.999999, 0.999985, 0.999985, 0.999985, 0.999985, 0.999985, 0.999985, 0.999985, 0.999999, 0.999985, 0.999985, 0.999985, 0.999985, 0.999985, 0.999985, 0.999985, 0.999999, 0.999985, 0.999985, 0.999985, 1, 0.999985, 0.999933, 0.999696, 0.999925, 0.999696, 0.999696, 0.999696, 0.999696, 0.999696, 0.999696, 0.999696, 0.999696, 0.999696, 0.999696, 0.999696, 0.999696, 0.999696, 0.999696, 0.999696, 0.999985, 0.999985, 0.999985, 0.999985, 0.999985, 0.999985, 0.999999, 0.999985, 0.999985, 0.999985, 0.999985, 0.999985, 0.999985, 0.999985, 0.999985, 0.999985, 0.999985, 0.999985, 0.999985, 
0.999985, 0.999985, 0.999985, 1, 1, 1, 1, 1, 1, 1, 1, 1, 1, 1, 1, 1, 1, 1, 1, 1, 1, 1, 1, 1, 1, 1, 1, 1, 1, 1, 1, 1, 1, 1, 1, 1, 1, 1, 1, 1, 1, 1, 1, 1, 1, 1, 1, 1, 1, 1, 0.999983, 0.999983, 0.999983, 0.999983, 0.999983, 0.999983, 0.999983, 0.999999, 0.999983, 0.999983, 0.999999, 0.999999, 0.999983, 0.999983, 0.999999, 0.999983, 0.999983, 0.999983, 0.999999, 1, 1, 1, 1, 1, 1, 1, 1, 1, 1, 1, 1, 1, 1, 1, 1, 1, 1, 1, 1, 1, 1, 1, 1, 1, 1, 1, 1, 1, 1, 1, 1, 1, 1, 1, 1, 1, 1, 1, 1, 1, 1, 1, 1, 1, 1, 1, 1, 1, 1, 1, 1, 1, 1, 1, 1, 1, 1, 1, 1, 1, 1, 1, 1, 1, 1, 1, 1, 1, 1, 1, 1, 1, 1, 1, 1, 1, 1, 1, 1, 1, 1, 1, 0.999985, 1, 1, 1, 1, 1, 1, 1, 1, 1, 1, 1, 1, 1, 1, 1, 1, 1, 1, 1, 1, 1, 1, 1, 1, 1, 1, 1, 1, 1, 1, 1, 1, 1, 1, 1, 1, 1, 1, 1, 1, 1, 1, 1, 1, 1, 1, 1, 
1, 1, 1, 1, 1, 1, 1, 1, 1, 1, 1, 1, 1, 0.999999, 0.999985, 0.999999, 0.999985, 0.999985, 0.999985, 0.999985, 0.999985, 0.999985, 0.999985, 0.999985, 0.999985, 0.999985, 0.999985, 0.999985, 0.999985, 0.999985, 0.999985, 1, 1, 1, 1, 1, 1, 1, 1, 1, 1, 1, 1, 1, 1, 1, 1, 1, 1, 1, 1, 1, 1, 1, 1, 1, 1, 1, 1, 1, 1, 1, 1, 1, 1, 1, 1, 1, 1, 1, 1, 1, 1, 1, 1, 1, 1, 1, 1, 1, 1, 1, 1, 1, 1, 1, 1, 1, 1, 1, 1, 1, 1, 1, 1, 1, 1, 1, 1, 1, 0.999612, 0.999612, 0.999612, 0.999612, 0.999612, 0.999612, 0.999612, 0.999885, 0.999612, 0.999612, 0.999612, 0.999885, 0.999612, 0.999612, 0.999885, 0.999885, 0.999612, 0.999612, 0.999885, 0.999985, 0.999985, 0.999985, 0.999999, 0.999985, 0.999985, 0.999985, 0.999999, 0.999985, 0.999985, 0.999985, 0.999985, 0.999985, 0.999999, 0.999985, 0.999985, 1, 1, 1, 1, 1, 1, 1, 1, 1, 1, 1, 1, 1, 1, 1, 1, 1, 1, 1, 1, 1, 1, 1, 1, 1, 1, 1, 1, 1, 1, 1, 1, 1, 1, 1, 1, 1, 1, 1, 1, 1, 1, 1, 1, 1, 1, 1, 1, 1, 1, 1, 1, 1, 1, 1, 1, 1, 1, 1, 1, 1, 1, 1, 1, 1, 
1, 1, 1, 1, 1, 1, 1, 1, 1, 1, 1, 1, 1, 1, 1, 1, 1, 1, 1, 1, 1, 1, 1, 1, 1, 1, 1, 1, 1, 1, 1, 1, 1, 1, 1, 1, 1, 1, 1, 1, 1, 1, 1, 1, 1, 1, 1, 1, 1, 1, 1, 1, 1, 1, 1, 1, 1, 1, 1, 1, 1, 1, 1, 1, 1, 1, 1, 1, 1, 1, 1, 1, 1, 1, 1, 1, 1, 1, 1, 1, 1, 1, 1, 1, 1, 1, 1, 1, 1, 1, 1, 1, 1, 1, 1, 1, 1, 1, 1, 1, 1, 1, 1, 1, 1, 1, 1, 1, 1, 1, 1, 1, 1, 1, 1, 1, 1, 1, 1, 1, 1, 1, 1, 1, 1, 1, 1, 1, 1, 1, 1, 1, 1, 1, 1, 1, 1, 1, 1, 1, 1, 1, 1, 1, 1, 1, 1, 1, 1, 1, 0.998982, 0.998982, 0.998982, 0.998982, 0.998982, 0.998982, 0.998982, 0.998982, 0.998982, 0.998982, 0.998982, 0.999581, 0.998982, 0.998982, 0.999347, 0.999347, 0.998982, 0.998982, 0.999347, 0.999783, 0.999783, 0.999783, 0.999936, 0.999783, 0.999783, 0.999783, 0.999936, 0.999783, 0.999783, 0.999783, 0.999936, 0.999783, 0.999783, 0.999783, 0.999783, 0.999992, 0.999992, 0.999992, 0.999992, 0.999992, 0.999992, 0.999992, 0.999992, 0.999992, 0.999985, 0.999985, 0.999985, 0.999986, 0.999999, 0.999985, 
0.999985, 0.999986, 0.999985, 0.999985, 0.999985, 0.999983, 1, 0.999983, 1, 1, 1, 1, 1, 1, 1, 1, 1, 1, 1, 1, 1, 1, 1, 1, 1, 1, 1, 1, 1, 1, 1, 1, 1, 1, 1, 1, 1, 1, 1, 1, 1, 1, 1, 1, 1, 1, 1, 1, 1, 1, 1, 1, 1, 1, 1, 1, 1, 1, 1, 1, 1, 1, 1, 1, 1, 1, 1, 1, 1, 1, 1, 1, 1, 1, 1, 1, 1, 1, 1, 1, 1, 1, 1, 1, 1, 1, 1, 1, 1, 1, 1, 1, 1, 1, 1, 1, 1, 1, 1, 1, 1, 1, 1, 1, 1, 1, 1, 1, 1, 1, 1, 1, 1, 1, 1, 1, 1, 1, 1, 1, 1, 1, 1, 1, 1, 1, 1, 1, 1, 1, 1, 1, 1, 1, 1, 1, 1, 1, 1, 1, 1, 1, 1, 1, 1, 1, 1, 1, 1, 1, 1, 1, 1, 1, 1, 1, 1, 1, 1, 1, 1, 1, 1, 1, 1, 1, 1, 1, 1, 1, 1, 1, 1, 1, 1, 1, 1, 1, 1, 1, 1, 1, 1, 1, 1, 1, 1, 1, 1, 1, 1, 1, 1, 1, 1, 1, 1, 1, 1, 1, 
0.999732, 0.999732, 0.999732, 0.999732, 0.999732, 0.999732, 0.999732, 0.999732, 0.999732, 0.999732, 0.999732, 0.999888, 0.999732, 0.999732, 0.999827, 0.999827, 0.999732, 0.999732, 0.999732, 0.999829, 0.999735, 0.999735, 0.99983, 0.999735, 0.999735, 0.999735, 0.99983, 0.999735, 0.999735, 0.999735, 0.99983, 0.999735, 0.999735, 0.999735, 0.999735, 0.999944, 0.999944, 0.999944, 0.999944, 0.999944, 0.999944, 0.999944, 0.999944, 0.99996, 0.999783, 0.999783, 0.999783, 0.999847, 0.999936, 0.999783, 0.999783, 0.999847, 0.999783, 0.999783, 0.999783, 0.999634, 0.999966, 0.999612, 0.999986, 0.999986, 0.999999, 0.999985, 0.999986, 0.999985, 0.999985, 0.999985, 0.999985, 0.999985, 0.999985, 0.999985, 0.999985, 0.999986, 0.999985, 0.999999, 0.999985, 0.999999, 1, 1, 1, 1, 1, 0.99998, 1, 1, 1, 1, 0.999999, 0.999985, 0.999985, 0.999985, 0.999999, 1, 1, 1, 1, 1, 1, 1, 1, 1, 1, 1, 1, 1, 1, 1, 1, 1, 1, 1, 1, 1, 1, 1, 1, 1, 1, 1, 1, 1, 1, 1, 1, 1, 1, 1, 1, 1, 1, 1, 1, 1, 1, 1, 1, 1, 1, 1, 1, 1, 1, 1, 1, 1, 1, 1, 1, 1, 1, 1, 1, 1, 1, 1, 1, 1, 1, 1, 1, 1, 1, 1, 1, 1, 1, 1, 1, 1, 1, 1, 1, 1, 1, 1, 1, 1, 1, 1, 1, 1, 1, 1, 1, 1, 1, 1, 1, 1, 1, 1, 1, 1, 1, 1, 1, 1, 1, 1, 1, 1, 
1, 1, 1, 1, 1, 1, 1, 1, 1, 1, 1, 1, 1, 1, 1, 1, 1, 1, 1, 1, 1, 1, 1, 1, 1, 1, 1, 1, 1, 1, 1, 1, 1, 1, 1, 1, 1, 1, 1, 1, 1, 1, 1, 1, 1, 1, 1, 1, 1, 1, 0.999921, 0.999921, 0.999921, 0.999921, 0.999921, 0.999921, 0.999921, 0.999972, 0.999921, 0.999921, 0.999921, 0.99999, 0.999921, 0.999921, 0.999972, 0.999972, 0.999921, 0.999921, 0.999921, 0.999856, 0.999738, 0.999738, 0.999891, 0.999738, 0.999738, 0.999738, 0.999831, 0.999738, 0.999738, 0.999738, 0.999831, 0.999738, 0.999738, 0.999738, 0.999738, 0.999742, 0.999742, 0.999742, 0.999908, 0.999742, 0.999742, 0.999742, 0.999742, 0.999739, 0.999735, 0.999735, 0.999735, 0.999905, 0.99983, 0.999735, 0.999735, 0.999905, 0.999735, 0.999735, 0.999735, 0.999283, 0.999581, 0.998982, 0.999847, 0.999847, 0.999936, 0.999783, 0.999847, 0.999783, 0.999783, 0.999783, 0.999783, 0.999783, 0.999783, 0.999783, 0.999783, 0.999847, 0.999783, 0.999936, 0.999783, 0.999939, 0.999992, 1, 0.999992, 0.999992, 0.999988, 0.999855, 0.999992, 0.999992, 0.999992, 0.999994, 0.999957, 0.999783, 0.999783, 0.999783, 0.999936, 0.999992, 0.999992, 0.999992, 1, 0.999992, 1, 1, 1, 1, 1, 1, 1, 1, 1, 1, 1, 1, 1, 1, 1, 1, 1, 1, 1, 1, 1, 1, 1, 1, 1, 1, 1, 1, 1, 1, 1, 1, 1, 1, 1, 1, 1, 1, 1, 1, 1, 1, 1, 1, 1, 1, 1, 1, 1, 1, 1, 1, 1, 1, 
1, 1, 1, 1, 1, 1, 1, 1, 1, 1, 1, 1, 1, 1, 1, 1, 1, 1, 1, 1, 1, 1, 1, 1, 1, 1, 1, 1, 1, 1, 1, 1, 1, 1, 1, 1, 1, 1, 1, 1, 1, 1, 1, 1, 1, 1, 0.99998, 1, 1, 1, 1, 1, 0.999999, 0.999985, 0.999985, 0.999985, 0.999986, 0.999985, 0.999985, 0.999999, 0.999985, 0.999984, 0.999992, 1, 0.999992, 0.999992, 0.999992, 0.999992, 0.999992, 0.999992, 0.999992, 1, 0.999992, 0.999992, 0.999994, 1, 0.999992, 0.999992, 0.999994, 0.999992, 0.999992, 0.999992, 0.999994, 0.999992, 1, 0.999992, 0.999996, 0.999992, 0.999992, 0.999992, 0.999994, 0.999992, 1, 0.999999, 0.999997, 0.999994, 1, 0.999995, 0.999992, 0.999992, 0.999732, 0.999732, 0.999732, 0.999732, 0.999827, 0.999732, 0.999732, 0.999848, 0.999732, 0.999732, 0.999827, 0.999965, 0.999732, 0.999732, 0.999904, 0.999904, 0.999732, 0.999732, 0.999732, 0.999735, 0.999738, 0.999738, 0.999907, 0.999907, 0.999738, 0.999738, 0.999907, 0.999738, 0.999738, 0.999738, 0.999907, 0.999738, 0.999738, 0.999738, 0.999738, 0.999132, 0.999132, 0.999132, 0.99944, 0.999132, 0.999132, 0.999132, 0.999132, 0.999692, 0.999738, 0.999738, 0.999738, 0.999907, 0.999738, 0.999738, 0.999738, 0.999907, 0.999831, 0.999738, 0.999738, 0.999904, 0.999827, 0.999732, 0.999905, 0.999905, 0.99983, 0.999735, 0.999735, 0.999735, 0.999735, 0.999735, 0.999735, 0.999905, 0.999735, 0.999735, 0.999735, 0.999735, 0.999735, 0.99983, 0.999735, 0.999878, 0.999944, 0.999983, 0.999944, 0.999944, 0.999843, 0.999809, 0.999944, 0.999944, 0.999944, 0.99998, 0.999878, 0.999735, 0.999735, 0.999735, 0.99983, 0.999944, 0.999944, 0.999944, 0.999995, 0.999944, 0.999998, 1, 1, 0.999998, 
0.999998, 0.999998, 1, 0.999996, 0.999992, 0.999992, 0.999994, 0.999992, 0.999992, 0.999992, 0.999992, 0.999992, 0.999992, 0.999992, 0.999992, 0.999994, 0.999992, 0.999992, 0.999994, 0.999994, 0.999989, 0.999985, 0.999986, 0.999985, 0.999999, 0.999985, 0.999986, 0.999985, 0.999999, 0.999985, 0.999985, 0.999985, 0.999985, 0.999985, 0.999985, 0.999986, 0.999985, 0.999985, 0.999985, 0.999985, 0.999985, 0.999985, 0.999985, 0.999987, 0.999985, 0.999999, 0.999985, 0.999985, 0.999985, 0.999985, 0.999985, 0.999986, 0.999985, 0.999985, 0.999985, 0.999985, 0.999989, 1, 1, 0.999992, 0.999992, 1, 0.999992, 0.999999, 1, 1, 1, 1, 1, 1, 1, 1, 1, 1, 1, 1, 1, 1, 1, 1, 1, 0.999992, 0.999994, 0.999992, 0.999992, 0.999992, 0.999994, 0.999992, 0.999992, 0.999992, 0.999996, 0.999992, 0.999992, 0.999992, 0.999992, 0.999992, 0.999992, 0.999992, 0.999992, 0.999992, 0.999992, 0.999992, 0.999994, 0.999847, 0.999783, 0.999936, 0.999783, 0.999783, 0.999783, 0.999936, 0.999783, 0.999783, 0.999944, 0.999983, 0.999944, 0.999944, 0.999944, 0.999944, 0.999944, 0.999944, 0.999944, 0.999983, 0.999944, 0.999944, 0.99998, 0.999983, 0.999944, 0.999944, 0.99998, 0.999944, 0.999944, 0.999944, 0.99998, 0.999944, 0.999983, 0.999944, 0.99998, 0.999944, 0.999944, 0.999944, 0.999993, 0.999944, 0.999983, 0.99998, 0.99998, 0.99998, 0.999998, 0.999996, 0.999972, 0.999972, 0.998982, 0.998982, 0.998982, 0.998982, 0.998982, 0.998982, 0.998982, 0.999283, 0.998982, 0.998982, 0.998982, 0.999495, 0.999347, 0.998982, 0.999283, 0.999283, 0.998982, 0.998982, 0.998982, 0.999481, 0.999735, 0.999735, 0.999905, 0.999905, 0.999735, 0.999735, 0.999905, 0.999735, 0.999735, 0.999735, 0.999905, 0.999735, 0.999735, 0.999735, 0.999735, 0.999742, 0.999742, 0.999742, 0.999834, 0.999742, 0.999742, 0.999742, 0.999742, 0.999908, 0.999738, 0.999738, 0.999738, 0.999831, 0.999738, 0.999738, 
0.999738, 0.999831, 0.999907, 0.999738, 0.999738, 0.999972, 0.999972, 0.999921, 0.999907, 0.999907, 0.999831, 0.999738, 0.999738, 0.999738, 0.999738, 0.999738, 0.999738, 0.999907, 0.999738, 0.999738, 0.999738, 0.999738, 0.999738, 0.999831, 0.999738, 0.99974, 0.999742, 0.999834, 0.999742, 0.999742, 0.999272, 0.999597, 0.999742, 0.999742, 0.999742, 0.999908, 0.99974, 0.999738, 0.999738, 0.999738, 0.999831, 0.999742, 0.999742, 0.999742, 0.999932, 0.999597, 0.999984, 0.999995, 0.999945, 0.999945, 0.999945, 0.999814, 0.999999, 0.99998, 0.999944, 0.999944, 0.999932, 0.999944, 0.999944, 0.999944, 0.999944, 0.999944, 0.999944, 0.999944, 0.999944, 0.99998, 0.999944, 0.999944, 0.99998, 0.99998, 0.999889, 0.999783, 0.999847, 0.999783, 0.999936, 0.999783, 0.999847, 0.999783, 0.999783, 0.999783, 0.999783, 0.999783, 0.999936, 0.999783, 0.999783, 0.999847, 0.999783, 0.999783, 0.999783, 0.999783, 0.999783, 0.999783, 0.999783, 0.999892, 0.999783, 0.999936, 0.999783, 0.999783, 0.999783, 0.999783, 0.999783, 0.999847, 0.999783, 0.999783, 0.999783, 0.999783, 0.999889, 0.999983, 0.999983, 0.999944, 0.999944, 0.999995, 0.999944, 0.999989, 0.999998, 1, 0.999998, 0.999998, 0.999998, 0.999998, 0.999998, 0.999998, 0.999998, 0.999998, 0.999998, 0.999998, 0.999998, 0.999998, 0.999998, 0.999998, 0.999998, 0.999944, 0.99998, 0.999944, 0.999944, 0.999944, 0.99998, 0.999944, 0.999944, 0.999944, 0.99998, 0.999944, 0.999944, 0.999944, 0.99998, 0.999944, 0.999944, 0.999944, 0.999944, 0.999944, 0.999944, 0.999944, 0.99998, 0.999905, 0.999735, 0.99983, 0.999735, 0.999735, 0.999735, 0.999735, 0.999735, 0.999735, 0.999742, 0.999894, 0.999742, 0.999742, 0.999742, 0.999742, 0.999742, 0.999742, 0.999742, 0.999834, 0.999742, 0.999742, 0.999742, 0.999834, 0.999742, 0.999742, 0.999908, 0.999908, 0.999742, 0.999742, 0.999908, 0.999742, 0.999834, 0.999742, 0.999908, 0.999742, 0.999742, 0.999742, 0.999968, 0.999742, 0.999699, 0.999696, 0.999892, 0.999742, 0.999979, 0.999996, 0.999967, 0.999967, 
0.999612, 0.999612, 0.999612, 0.999612, 0.999612, 0.999612, 0.999612, 0.999634, 0.999612, 0.999612, 0.999612, 0.999656, 0.999885, 0.999612, 0.999634, 0.999634, 0.999612, 0.999612, 0.999612, 0.99971, 0.999783, 0.999783, 0.999847, 0.999847, 0.999783, 0.999783, 0.999847, 0.999783, 0.999783, 0.999783, 0.999847, 0.999783, 0.999783, 0.999783, 0.999783, 0.999944, 0.999944, 0.999944, 0.999983, 0.999944, 0.999944, 0.999944, 0.999944, 0.999956, 0.999735, 0.999735, 0.999735, 0.99983, 0.999735, 0.999735, 0.999735, 0.99983, 0.999905, 0.999735, 0.999735, 0.999827, 0.999904, 0.999732, 0.999831, 0.999831, 0.999907, 0.999738, 0.999738, 0.999738, 0.999738, 0.999738, 0.999738, 0.999831, 0.999738, 0.999738, 0.999738, 0.999738, 0.999738, 0.999907, 0.999738, 0.999523, 0.999132, 0.99944, 0.999132, 0.999132, 0.999132, 0.998655, 0.999132, 0.999132, 0.999132, 0.999132, 0.999523, 0.999738, 0.999738, 0.999738, 0.999907, 0.999132, 0.999132, 0.99944, 0.999638, 0.999138, 0.999144, 0.999648, 0.999144, 0.999144, 0.999144, 0.999605, 0.999447, 0.999144, 0.999742, 0.999742, 0.999857, 0.999742, 0.999742, 0.999742, 0.999742, 0.999742, 0.999742, 0.999742, 0.999742, 0.999908, 0.999742, 0.999742, 0.999908, 0.999908, 0.999739, 0.999735, 0.999905, 0.999735, 0.999735, 0.999735, 0.999905, 0.999735, 0.99983, 0.999735, 0.999735, 0.999735, 0.99983, 0.999735, 0.999735, 0.999905, 0.999735, 0.999735, 0.999735, 0.999735, 0.999735, 0.999735, 0.999735, 0.999905, 0.999735, 0.999735, 0.999735, 0.999905, 0.999735, 0.99983, 0.999735, 0.999905, 0.999735, 0.999735, 0.999735, 0.999735, 0.999739, 0.999834, 0.999834, 0.999742, 0.999742, 0.999894, 0.999742, 0.999881, 0.999945, 0.999984, 0.999945, 0.999945, 0.999945, 0.999945, 0.999945, 0.999945, 0.999945, 0.999945, 0.999945, 0.999945, 0.999945, 0.999945, 0.999945, 0.999945, 0.999945, 0.999742, 0.999908, 0.999597, 0.999742, 0.999742, 0.999908, 0.999834, 0.999742, 0.999742, 0.999908, 0.999742, 0.999742, 0.999742, 0.999908, 0.999742, 0.999742, 0.999742, 0.999742, 0.999742, 
0.999742, 0.999742, 0.999742, 0.999907, 0.999738, 0.999738, 0.999738, 0.999907, 0.999738, 0.999831, 0.999738, 0.999738, 0.999132, 0.999638, 0.999132, 0.999132, 0.999132, 0.999132, 0.999132, 0.999132, 0.999132, 0.99944, 0.999132, 0.999132, 0.999132, 0.99944, 0.999132, 0.999132, 0.99944, 0.99944, 0.999132, 0.999132, 0.99944, 0.999132, 0.99944, 0.999132, 0.99944, 0.999132, 0.999132, 0.999132, 0.99944, 0.999132, 0.999443, 0.999447, 0.999646, 0.999237, 0.999794, 0.999886, 0.999938, 0.999897, 0.999983, 0.999983, 0.999983, 0.999983, 0.999983, 0.999983, 0.999983, 0.999983, 0.999983, 0.999983, 0.999983, 0.999983, 0.999999, 0.999983, 0.999983, 0.999983, 0.999983, 0.999983, 0.999983, 0.999984, 0.999985, 0.999985, 0.999986, 0.999986, 0.999985, 0.999985, 0.999986, 0.999985, 0.999985, 0.999985, 0.999986, 0.999985, 0.999985, 0.999985, 0.999989, 0.999992, 0.999992, 0.999992, 1, 0.999992, 0.999992, 0.999992, 0.999992, 0.999957, 0.999783, 0.999783, 0.999783, 0.999936, 0.999783, 0.999783, 0.999783, 0.999936, 0.999847, 0.999783, 0.999783, 0.999347, 0.999283, 0.998982, 0.99983, 0.99983, 0.999905, 0.999735, 0.999735, 0.999735, 0.999735, 0.999735, 0.999735, 0.99983, 0.999735, 0.999735, 0.999735, 0.999735, 0.999735, 0.999905, 0.999735, 0.999739, 0.999742, 0.999908, 0.999742, 0.999742, 0.999742, 0.999272, 0.999742, 0.999742, 0.999742, 0.999742, 0.999739, 0.999735, 0.999735, 0.999735, 0.999905, 0.999742, 0.999742, 0.999908, 0.999968, 0.99953, 0.999144, 0.999643, 0.999144, 0.999144, 0.999144, 0.99915, 0.999451, 0.999144, 0.999132, 0.999132, 0.999132, 0.999132, 0.999132, 0.999132, 0.999132, 0.999132, 0.999132, 0.999132, 0.999132, 0.99944, 0.999132, 0.999132, 0.99944, 0.99944, 0.999523, 0.999738, 0.999907, 0.999738, 0.999738, 0.999738, 0.999738, 0.999738, 0.999831, 0.999738, 0.999738, 0.999907, 0.999831, 0.999738, 0.999738, 0.999907, 0.999738, 0.999738, 0.999738, 0.999738, 0.999738, 0.999738, 0.999738, 0.999907, 0.999738, 0.999738, 0.999738, 0.999907, 0.999738, 0.999831, 
0.999738, 0.999738, 0.999738, 0.999738, 0.999738, 0.999738, 0.999831, 0.99944, 0.99944, 0.999132, 0.998655, 0.999638, 0.999132, 0.999138, 0.999144, 0.999646, 0.999144, 0.999144, 0.999144, 0.999144, 0.999144, 0.999144, 0.999144, 0.999144, 0.999144, 0.999144, 0.999144, 0.999144, 0.999144, 0.999144, 0.999144, 0.999132, 0.99944, 0.998655, 0.999132, 0.999132, 0.99944, 0.99944, 0.999132, 0.999132, 0.99944, 0.999132, 0.999132, 0.999132, 0.99944, 0.999132, 0.999132, 0.999132, 0.999132, 0.999132, 0.999132, 0.999132, 0.999132, 0.999831, 0.999738, 0.999738, 0.999738, 0.999831, 0.999738, 0.999907, 0.999738, 0.999738, 0.999742, 0.999908, 0.999742, 0.999742, 0.999742, 0.999908, 0.999742, 0.999742, 0.999742, 0.999742, 0.999742, 0.999742, 0.999742, 0.999908, 0.999908, 0.999742, 0.999742, 0.999834, 0.999742, 0.999742, 0.999834, 0.999834, 0.999908, 0.999742, 0.999834, 0.999742, 0.999742, 0.999742, 0.999951, 0.999742, 0.999987, 0.999945, 0.999977, 0.999818, 0.999971, 0.999995, 0.999984, 0.999966, 1, 1, 1, 1, 1, 1, 1, 1, 1, 1, 1, 1, 1, 1, 1, 1, 1, 1, 1, 1, 1, 1, 1, 1, 1, 1, 1, 1, 1, 1, 1, 1, 1, 1, 1, 1, 1, 1, 1, 1, 1, 1, 1, 0.999999, 0.999985, 0.999985, 0.999985, 0.999999, 0.999985, 0.999985, 0.999985, 0.999999, 0.999986, 0.999985, 0.999985, 0.999885, 0.999634, 0.999612, 0.999936, 0.999936, 0.999847, 0.999783, 0.999783, 0.999783, 0.999783, 0.999783, 0.999783, 0.999936, 0.999783, 0.999783, 0.999783, 0.999783, 0.999783, 0.999847, 0.999783, 0.999889, 0.999944, 0.99998, 0.999944, 0.999944, 0.999944, 0.999843, 0.999944, 0.999944, 0.999944, 0.999944, 0.999889, 0.999783, 0.999783, 0.999783, 0.999847, 0.999944, 0.999944, 0.99998, 0.999993, 0.999944, 0.999945, 0.999993, 0.999945, 0.999945, 
0.999945, 0.9999, 0.999984, 0.999945, 0.999742, 0.999742, 0.999533, 0.999742, 0.999742, 0.999742, 0.999834, 0.999742, 0.999742, 0.999742, 0.999742, 0.999742, 0.999742, 0.999742, 0.999834, 0.999834, 0.99974, 0.999738, 0.999831, 0.999738, 0.999738, 0.999738, 0.999738, 0.999738, 0.999907, 0.999738, 0.999738, 0.999831, 0.999738, 0.999738, 0.999738, 0.999831, 0.999738, 0.999907, 0.999738, 0.999738, 0.999738, 0.999738, 0.999738, 0.999831, 0.999738, 0.999738, 0.999738, 0.999831, 0.999738, 0.999907, 0.999738, 0.999738, 0.999738, 0.999738, 0.999738, 0.999738, 0.999832, 0.999908, 0.999908, 0.999742, 0.999597, 0.999968, 0.999742, 0.99953, 0.999144, 0.999646, 0.999144, 0.999144, 0.999144, 0.999144, 0.999144, 0.999144, 0.999144, 0.999144, 0.999144, 0.999144, 0.999144, 0.999144, 0.999144, 0.999144, 0.999144, 0.999742, 0.999834, 0.999272, 0.999742, 0.999742, 0.999834, 0.999908, 0.999742, 0.999742, 0.999834, 0.999742, 0.999742, 0.999742, 0.999834, 0.999742, 0.999742, 0.999742, 0.999742, 0.999742, 0.999742, 0.999742, 0.999742, 0.99983, 0.999735, 0.999735, 0.999735, 0.99983, 0.999735, 0.999905, 0.999735, 0.999922, 0.999944, 0.99998, 0.999944, 0.999944, 0.999944, 0.999944, 0.999944, 0.999944, 0.999944, 0.999944, 0.99998, 0.999944, 0.999944, 0.99998, 0.99998, 0.999944, 0.999944, 0.999983, 0.999944, 0.999944, 0.999944, 0.999983, 0.99998, 0.999944, 0.999983, 0.999983, 0.999944, 0.999944, 0.999944, 0.999997, 0.999962, 0.999998, 1, 0.999997, 0.999997, 1, 1, 1, 1, 1, 1, 1, 1, 1, 1, 1, 1, 1, 1, 1, 1, 1, 1, 1, 1, 1, 1, 1, 1, 1, 1, 1, 1, 1, 1, 1, 1, 1, 1, 1, 1, 1, 1, 1, 1, 1, 1, 1, 1, 1, 1, 1, 1, 1, 1, 1, 1, 1, 
1, 1, 1, 1, 1, 0.999999, 0.999983, 0.999983, 0.999999, 0.999999, 0.999986, 0.999985, 0.999985, 0.999985, 0.999985, 0.999985, 0.999985, 0.999999, 0.999985, 0.999985, 0.999985, 0.999985, 0.999985, 0.999986, 0.999985, 0.999989, 0.999992, 0.999994, 0.999992, 0.999992, 0.999992, 0.999988, 0.999992, 0.999992, 0.999992, 0.999992, 0.999989, 0.999985, 0.999985, 0.999985, 0.999986, 0.999992, 0.999992, 0.999994, 0.999996, 0.999996, 0.999998, 1, 0.999998, 0.999998, 0.999998, 0.999998, 1, 0.999998, 0.999944, 0.999944, 0.999953, 0.999944, 0.999944, 0.999944, 0.999983, 0.999944, 0.999944, 0.999944, 0.999944, 0.999843, 0.999944, 0.999944, 0.999983, 0.999983, 0.999956, 0.999735, 0.99983, 0.999735, 0.999735, 0.999735, 0.999735, 0.999735, 0.999905, 0.999735, 0.999735, 0.99983, 0.999735, 0.999735, 0.999735, 0.99983, 0.999735, 0.999905, 0.999735, 0.999735, 0.999735, 0.999735, 0.999735, 0.99983, 0.999735, 0.999735, 0.999735, 0.99983, 0.999735, 0.999905, 0.999735, 0.999735, 0.999735, 0.999735, 0.999735, 0.999735, 0.999922, 0.99998, 0.99998, 0.999944, 0.999809, 0.999993, 0.999944, 0.999944, 0.999945, 0.999994, 0.999945, 0.999945, 0.999945, 0.999945, 0.999945, 0.999945, 0.999945, 0.999945, 0.999945, 0.999945, 0.999945, 0.999945, 0.999945, 0.999945, 0.999945, 0.999944, 0.999983, 0.999843, 0.999944, 0.999944, 0.999983, 0.99998, 0.999944, 0.999944, 0.999983, 0.999944, 0.999944, 0.999944, 0.999983, 0.999944, 0.999944, 0.999944, 0.999944, 0.999944, 0.999944, 0.999944, 0.999944, 0.999936, 0.999783, 0.999783, 0.999783, 0.999936, 0.999783, 0.999847, 0.999783, 0.999957, 0.999992, 0.999994, 0.999992, 0.999992, 0.999992, 0.999992, 0.999992, 0.999992, 0.999992, 0.999992, 0.999994, 0.999992, 0.999992, 0.999992, 0.999994, 0.999992, 0.999992, 1, 0.999994, 0.999992, 0.999992, 1, 0.999994, 0.999992, 0.999992, 1, 0.999992, 0.999992, 0.999992, 1, 1, 1, 1, 1, 1, 1, 1, 1, 
1, 1, 1, 1, 1, 1, 1, 1, 1, 1, 1, 1, 1, 1, 1, 1, 1, 1, 1, 1, 1, 1, 1, 1, 1, 1, 1, 1, 1, 1, 1, 1, 1, 1, 1, 1, 1, 1, 1, 1, 1, 1, 1, 1, 1, 1, 1, 1, 1, 1, 1, 1, 1, 1, 1, 1, 1, 1, 1, 1, 1, 1, 1, 1, 1, 1, 1, 1, 1, 1, 1, 1, 1, 1, 1, 1, 1, 1, 1, 1, 1, 1, 1, 1, 1, 1, 1, 1, 1, 1, 1, 1, 1, 1, 1, 1, 1, 1, 1, 1, 1, 1, 1, 1, 0.999992, 0.999992, 0.999999, 0.999992, 0.999992, 0.999992, 1, 0.999992, 0.999992, 0.999992, 0.999992, 0.999988, 0.999992, 0.999992, 1, 1, 0.99997, 0.999783, 0.999936, 0.999783, 0.999783, 0.999783, 0.999783, 0.999783, 0.999847, 0.999783, 0.999783, 0.999936, 0.999783, 0.999783, 0.999783, 0.999783, 0.999783, 0.999847, 0.999783, 0.999936, 0.999783, 0.999783, 0.999783, 0.999936, 0.999783, 0.999783, 0.999783, 0.999936, 0.999783, 0.999847, 0.999783, 0.999783, 0.999783, 0.999783, 0.999783, 0.999783, 0.999987, 0.999994, 0.999994, 0.999992, 0.999855, 0.999996, 0.999992, 0.999996, 0.999998, 0.999999, 0.999998, 0.999998, 0.999998, 1, 0.999998, 0.999998, 0.999998, 0.999998, 0.999998, 0.999998, 0.999998, 0.999998, 0.999998, 0.999998, 0.999998, 0.999988, 1, 0.999992, 0.999992, 0.999992, 1, 0.999994, 0.999992, 0.999992, 1, 0.999992, 0.999992, 0.999992, 1, 0.999992, 0.999988, 0.999992, 0.999992, 0.999992, 
0.999992, 0.999994, 0.999992, 0.999999, 0.999985, 0.999985, 0.999985, 0.999985, 0.999985, 0.999986, 0.999999, 0.999999, 1, 1, 1, 1, 1, 1, 1, 1, 1, 1, 1, 1, 1, 1, 1, 1, 1, 1, 1, 1, 1, 1, 1, 1, 1, 1, 1, 1, 1, 1, 1, 1, 1, 1, 1, 1, 1, 1, 1, 1, 1, 1, 1, 1, 1, 1, 1, 1, 1, 1, 1, 1, 1, 1, 1, 1, 1, 1, 1, 1, 1, 1, 1, 1, 1, 1, 1, 1, 1, 1, 1, 1, 1, 1, 1, 1, 1, 1, 1, 1, 1, 1, 1, 1, 1, 1, 1, 1, 1, 1, 1, 1, 1, 1, 1, 1, 1, 1, 1, 1, 1, 1, 1, 1, 1, 1, 1, 1, 1, 1, 1, 1, 1, 1, 1, 1, 1, 1, 1, 1, 1, 1, 1, 1, 1, 1, 1, 1, 1, 1, 1, 1, 1, 1, 1, 1, 1, 1, 1, 1, 1, 1, 1, 1, 1, 1, 1, 1, 1, 1, 1, 1, 1, 1, 1, 1, 1, 1, 0.999999, 0.999985, 0.999999, 0.999985, 0.999985, 0.999985, 0.999985, 0.999985, 0.999986, 0.999985, 0.999985, 0.999999, 0.999985, 0.999985, 0.999985, 0.999985, 0.999985, 0.999986, 0.999985, 0.999999, 0.999985, 0.999985, 0.999985, 0.999999, 0.999985, 0.999985, 0.999985, 0.999999, 0.999985, 0.999986, 
0.999985, 0.999985, 0.999985, 0.999985, 0.999985, 0.999985, 1, 1, 1, 1, 1, 1, 1, 1, 1, 1, 1, 1, 1, 1, 1, 1, 1, 1, 1, 1, 1, 1, 1, 1, 1, 1, 1, 1, 1, 1, 1, 1, 1, 1, 1, 1, 1, 1, 1, 1, 1, 1, 1, 1, 1, 1, 1, 1, 1, 1, 1, 1, 1, 1, 1, 1, 1, 1, 1, 1, 1, 1, 1, 1, 1, 1, 1, 1, 1, 1, 1, 1, 1, 1, 1, 1, 1, 1, 1, 1, 1, 1, 1, 1, 1, 1, 1, 1, 1, 1, 1, 1, 1, 1, 1, 1, 1, 1, 1, 1, 1, 1, 1, 1, 1, 1, 1, 1, 1, 1, 1, 1, 1, 1, 1, 1, 1, 1, 1, 1, 1, 1, 1, 1, 1, 1, 1, 1, 1, 1, 1, 1, 1, 1, 1, 1, 1, 1, 1, 1, 1, 1, 1, 1, 1, 1, 1, 1, 1, 1, 1, 1, 1, 1, 1, 1, 1, 1, 1, 1, 1, 1, 1, 1, 1, 1, 1, 1, 1, 1, 1, 1, 1, 1, 1, 1, 1, 1, 1, 1, 1, 1, 1, 1, 1, 1, 1, 1, 1, 1, 1, 1, 1, 1, 
1, 1, 1, 1, 1, 1, 1, 1, 1, 1, 1, 1, 1, 1, 1, 1, 1, 1, 1, 1, 1, 1, 1, 1, 1, 1, 1, 1, 1, 1, 1, 1, 1, 1, 1, 1, 1, 1, 1, 1, 1, 1, 1, 1, 1, 1, 1, 1, 1, 1, 1, 1, 1, 1, 1, 1, 1, 1, 1, 1, 1, 1, 1, 1, 1, 1, 1, 1, 1, 1, 1, 1, 1, 1, 1, 1, 1, 1, 1, 1, 1, 1, 1, 1, 1, 1, 1, 1, 1, 1, 1, 1, 1, 1, 1, 1, 1, 1, 1, 1, 1, 1, 1, 1, 1, 1, 1, 1, 1, 1, 1, 1, 1, 1, 1, 1, 1, 1, 1, 1, 1, 1, 1, 1, 1, 1, 1, 1, 1, 1, 1, 1, 1, 1, 1, 1, 1, 1, 1, 1, 1, 1, 1, 1, 1, 1, 1, 1, 1, 1, 0.999985, 0.999985, 0.999985, 0.999999, 0.999985, 0.999985, 0.999985, 0.999985, 0.999985, 0.999985, 0.999985, 0.999985, 0.999999, 0.999985, 0.999985, 0.999985, 0.999985, 0.999985, 0.999985, 0.999985, 0.999985, 0.999985, 0.999985, 0.999985, 0.999985, 0.999985, 0.999985, 0.999985, 0.999985, 0.999999, 0.999985, 0.999985, 0.999985, 0.999985, 0.999985, 0.999985, 0.999985, 0.999985, 0.999985, 0.999985, 0.999985, 0.999985, 0.999999, 1, 1, 1, 1, 1, 1, 1, 
1, 1, 1, 1, 1, 1, 1, 1, 1, 1, 1, 1, 1, 1, 1, 1, 1, 1, 1, 1, 1, 1, 1, 1, 1, 1, 1, 1, 1, 1, 1, 1, 1, 1, 1, 1, 1, 1, 1, 1, 1, 1, 1, 1, 1, 1, 1, 1, 1, 1, 1, 1, 1, 1, 1, 1, 1, 1, 1, 1, 1, 1, 1, 1, 1, 1, 1, 1, 1, 1, 1, 1, 1, 1, 1, 1, 1, 1, 1, 1, 1, 1, 1, 1, 1, 1, 1, 1, 1, 1, 1, 1, 1, 1, 1, 1, 1, 1, 1, 1, 1, 1, 1, 1, 1, 1, 1, 1, 1, 1, 1, 1, 1, 1, 1, 1, 1, 1, 1, 1, 1, 1, 1, 1, 1, 1, 1, 1, 1, 1, 1, 1, 1, 1, 1, 1, 1, 1, 1, 1, 1, 1, 1, 1, 1, 1, 1, 1, 1, 1, 1, 1, 1, 1, 1, 1, 1, 1, 1, 1, 1, 1, 1, 1, 1, 1, 1, 1, 1, 1, 1, 1, 1, 1, 1, 1, 1, 1, 1, 1, 1, 1, 1, 1, 1, 1, 1, 1, 1, 1, 1, 1, 1, 1, 1, 1, 1, 1, 1, 1, 
0.999696, 0.999696, 0.999696, 0.999925, 0.999696, 0.999696, 0.999696, 0.999696, 0.999696, 0.999696, 0.999696, 0.999696, 0.999925, 0.999696, 0.999696, 0.999696, 0.999696, 0.999696, 0.999696, 0.999696, 0.999696, 0.999696, 0.999696, 0.999696, 0.999696, 0.999696, 0.999696, 0.999696, 0.999696, 0.999925, 0.999696, 0.999696, 0.999696, 0.999696, 0.999696, 0.999696, 0.999696, 0.999696, 0.999925, 0.999696, 0.999696, 0.999696, 0.999696, 0.999985, 0.999985, 0.999985, 0.999999, 0.999985, 0.999985, 0.999985, 0.999985, 0.999985, 0.999985, 0.999985, 0.999985, 1, 1, 1, 1, 1, 1, 1, 1, 1, 1, 1, 1, 1, 1, 1, 1, 1, 1, 1, 1, 1, 1, 1, 1, 1, 1, 1, 1, 1, 1, 1, 1, 1, 1, 1, 1, 1, 1, 1, 1, 1, 1, 1, 1, 1, 1, 1, 1, 1, 1, 1, 1, 1, 1, 1, 1, 1, 1, 1, 1, 1, 1, 1, 1, 1, 1, 1, 1, 1, 1, 1, 1, 1, 1, 1, 1, 1, 1, 1, 1, 1, 1, 1, 1, 1, 1, 1, 1, 1, 1, 1, 1, 1, 1, 1, 1, 1, 1, 1, 1, 1, 1, 1, 1, 1, 1, 1, 1, 1, 1, 1, 1, 1, 1, 1, 1, 1, 1, 1, 1, 1, 1, 1, 1, 1, 1, 1, 1, 1, 1, 1, 1, 1, 1, 1, 1, 1, 1, 1, 1, 1, 1, 1, 1, 1, 
1, 1, 1, 1, 1, 1, 1, 1, 1, 1, 1, 1, 1, 1, 1, 1, 1, 1, 1, 1, 1, 1, 1, 1, 1, 1, 1, 1, 1, 1, 1, 1, 1, 1, 1, 1, 1, 1, 1, 1, 1, 0.999999, 0.999986, 0.999987, 0.999986, 0.999999, 0.999986, 0.999987, 1, 1, 0.998878, 0.998878, 0.998878, 0.999517, 0.998878, 0.998878, 0.998878, 0.998878, 0.998878, 0.998878, 0.998878, 0.998878, 0.999517, 0.998878, 0.998878, 0.998878, 0.998878, 0.998878, 0.998878, 0.998878, 0.998878, 0.998878, 0.998878, 0.998878, 0.998878, 0.998878, 0.998878, 0.998878, 0.998878, 0.999517, 0.998878, 0.998878, 0.998878, 0.998878, 0.998878, 0.998878, 0.998878, 0.998878, 0.999517, 0.998878, 0.998878, 0.998878, 0.998878, 0.999696, 0.999696, 0.999696, 0.999925, 0.999696, 0.999696, 0.999696, 0.999696, 0.999696, 0.999696, 0.999696, 0.999696, 0.999999, 0.999985, 0.999985, 0.999985, 0.999999, 0.999985, 0.999985, 0.999985, 0.999999, 0.999985, 0.999985, 0.999985, 0.999985, 0.999985, 0.999985, 0.999985, 0.999999, 0.999985, 0.999985, 0.999985, 0.999985, 0.999985, 0.999985, 0.999985, 0.999985, 0.999985, 0.999985, 0.999985, 0.999985, 0.999985, 0.999985, 0.999985, 0.999985, 0.999985, 0.999985, 0.999985, 0.999985, 0.999985, 0.999985, 0.999985, 0.999985, 0.999985, 0.999985, 0.999999, 0.999985, 0.999985, 0.999985, 0.999999, 0.999999, 1, 1, 1, 1, 1, 1, 1, 1, 1, 1, 1, 1, 1, 1, 1, 1, 1, 1, 1, 1, 1, 1, 1, 1, 1, 1, 1, 1, 1, 1, 1, 1, 1, 1, 1, 1, 1, 1, 1, 1, 1, 1, 1, 1, 1, 1, 
1, 1, 1, 1, 1, 1, 1, 1, 1, 1, 1, 1, 1, 1, 1, 1, 1, 1, 1, 1, 1, 1, 1, 1, 1, 1, 1, 1, 1, 1, 1, 1, 1, 1, 1, 1, 1, 1, 1, 1, 1, 1, 1, 1, 1, 1, 1, 1, 1, 1, 1, 1, 1, 1, 1, 1, 1, 1, 1, 1, 1, 1, 0.999985, 0.999985, 0.999985, 0.999985, 0.999985, 0.999985, 0.999985, 0.999985, 0.999985, 0.999985, 0.999985, 0.999985, 0.999985, 0.999985, 0.999985, 0.999985, 0.999985, 0.999999, 0.999985, 0.999985, 0.999985, 0.999999, 0.999985, 0.999985, 0.999985, 0.999999, 0.999985, 0.999985, 0.999996, 0.999925, 0.999696, 0.999696, 0.999866, 0.999996, 0.999994, 0.999889, 0.999997, 1, 0.996919, 0.996919, 0.996919, 0.998788, 0.996919, 0.996919, 0.996919, 0.996919, 0.996919, 0.996919, 0.996919, 0.996919, 0.998788, 0.996919, 0.996919, 0.996919, 0.996919, 0.996919, 0.996919, 0.996919, 0.996919, 0.996919, 0.996919, 0.996919, 0.996919, 0.996919, 0.996919, 0.996919, 0.996919, 0.998788, 0.996919, 0.996919, 0.996919, 0.996919, 0.996919, 0.996919, 0.996919, 0.996919, 0.998788, 0.996919, 0.996919, 0.996919, 0.996919, 0.998878, 0.998878, 0.998878, 0.999517, 0.998878, 0.998878, 0.998878, 0.998878, 0.998878, 0.998878, 0.998878, 0.998878, 0.999925, 0.999696, 0.999696, 0.999696, 0.999925, 0.999696, 0.999696, 0.999696, 0.999925, 0.999696, 0.999696, 0.999696, 0.999696, 0.999696, 0.999696, 0.999696, 0.999925, 0.999696, 0.999696, 0.999696, 0.999696, 0.999696, 0.999696, 0.999696, 0.999696, 0.999696, 0.999696, 0.999696, 0.999696, 0.999696, 0.999696, 0.999696, 0.999696, 0.999696, 0.999925, 0.999696, 0.999696, 0.999696, 0.999696, 0.999696, 0.999696, 0.999696, 0.999696, 0.999696, 0.999696, 
0.999696, 0.999696, 0.999925, 0.999933, 0.999985, 0.999985, 0.999985, 0.999985, 0.999985, 0.999985, 0.999999, 0.999985, 0.999985, 0.999985, 0.999985, 0.999985, 0.999985, 0.999985, 0.999999, 0.999999, 0.999999, 1, 1, 1, 1, 1, 1, 1, 1, 1, 1, 1, 1, 1, 1, 1, 1, 1, 1, 1, 1, 1, 1, 1, 1, 1, 1, 1, 1, 1, 1, 1, 1, 1, 1, 1, 1, 0.999985, 0.999985, 0.999985, 0.999985, 0.999985, 0.999985, 0.999985, 0.999985, 0.999985, 0.999985, 0.999985, 0.999985, 0.999985, 0.999985, 0.999985, 0.999985, 0.999999, 0.999985, 0.999985, 0.999985, 0.999985, 0.999985, 0.999985, 0.999985, 0.999985, 0.999999, 0.999985, 0.999985, 0.999985, 0.999985, 0.999985, 0.999985, 0.999985, 0.999985, 0.999999, 0.999985, 0.999985, 0.999985, 0.999999, 0.999985, 0.999985, 0.999985, 0.999985, 0.999985, 0.999985, 0.999985, 0.999999, 0.999985, 0.999985, 0.999985, 0.999999, 0.999985, 0.999985, 0.999985, 0.999985, 0.999696, 0.999696, 0.999696, 0.999696, 0.999696, 0.999696, 0.999696, 0.999696, 0.999696, 0.999696, 0.999696, 0.999696, 0.999696, 0.999696, 0.999696, 0.999696, 0.999696, 0.999925, 0.999696, 0.999696, 0.999696, 0.999925, 0.999696, 0.999696, 0.999696, 0.999925, 0.999696, 0.999696, 0.99943, 0.998878, 0.998878, 0.998878, 0.998878, 0.999625, 0.999962, 0.999996, 0.999999, 1, 0.991893, 0.991893, 0.991893, 0.995245, 0.991893, 0.991893, 0.991893, 0.991893, 0.991893, 0.991893, 0.991893, 0.991893, 0.995245, 0.991893, 0.991893, 0.991893, 0.991893, 0.991893, 0.991893, 0.991893, 0.991893, 0.991893, 0.991893, 0.991893, 0.991893, 0.991893, 0.991893, 0.991893, 0.991893, 0.995245, 0.991893, 0.991893, 0.991893, 0.991893, 0.991893, 0.991893, 0.991893, 0.991893, 0.995245, 0.991893, 0.991893, 0.991893, 0.991893, 0.996919, 0.996919, 0.996919, 0.998788, 0.996919, 0.996919, 0.996919, 
0.996919, 0.996919, 0.996919, 0.996919, 0.996919, 0.999517, 0.998878, 0.998878, 0.998878, 0.999517, 0.998878, 0.998878, 0.998878, 0.999517, 0.998878, 0.998878, 0.998878, 0.998878, 0.998878, 0.998878, 0.998878, 0.999517, 0.998878, 0.998878, 0.998878, 0.998878, 0.998878, 0.998878, 0.998878, 0.998878, 0.998878, 0.998878, 0.998878, 0.998878, 0.998878, 0.998878, 0.998878, 0.998878, 0.998878, 0.999517, 0.998878, 0.998878, 0.998878, 0.998878, 0.998878, 0.998878, 0.998878, 0.998878, 0.998878, 0.998878, 0.998878, 0.998878, 0.999517, 0.99943, 0.999696, 0.999696, 0.999696, 0.999696, 0.999696, 0.999696, 0.999925, 0.999696, 0.999696, 0.999696, 0.999925, 0.999696, 0.999696, 0.999696, 0.999925, 0.999696, 0.999933, 0.999985, 0.999985, 0.999985, 0.999985, 0.999985, 0.999985, 0.999999, 0.999985, 0.999985, 0.999985, 0.999985, 0.999985, 0.999985, 0.999985, 0.999999, 0.999985, 0.999985, 0.999985, 0.999985, 0.999985, 0.999985, 0.999985, 0.999985, 0.999999, 0.999985, 0.999985, 0.999985, 0.999999, 0.999985, 0.999985, 0.999985, 0.999985, 0.999985, 0.999985, 0.999985, 0.999996, 0.999696, 0.999696, 0.999696, 0.999696, 0.999696, 0.999696, 0.999696, 0.999696, 0.999696, 0.999696, 0.999696, 0.999696, 0.999696, 0.999696, 0.999696, 0.999696, 0.999696, 0.999925, 0.999696, 0.999696, 0.999696, 0.999696, 0.999696, 0.999696, 0.999696, 0.999925, 0.999696, 0.999696, 0.999696, 0.999696, 0.999696, 0.999696, 0.999696, 0.999696, 0.999925, 0.999696, 0.999696, 0.999696, 0.999925, 0.999696, 0.999696, 0.999696, 0.999696, 0.999696, 0.999696, 0.999696, 0.999925, 0.999696, 0.999696, 0.999696, 0.999696, 0.999696, 0.999696, 0.999696, 0.999696, 0.999742, 0.998878, 0.998878, 0.998878, 0.998878, 0.998878, 0.998878, 0.998878, 0.998878, 0.998878, 0.998878, 0.998878, 0.998878, 0.998878, 0.998878, 0.998878, 0.998878, 0.999517, 0.998878, 0.998878, 0.998878, 0.999517, 0.998878, 0.998878, 0.998878, 0.999517, 0.998878, 0.998878, 0.998411, 0.996919, 0.996919, 0.996919, 0.996919, 0.996922, 0.998815, 0.997572, 0.999903, 1, 
0.991896, 0.991896, 0.991896, 0.991896, 0.991896, 0.991896, 0.991896, 0.991896, 0.993768, 0.991896, 0.991896, 0.991896, 0.993768, 0.991896, 0.991896, 0.991896, 0.991896, 0.991896, 0.991896, 0.991896, 0.991896, 0.991896, 0.991896, 0.991896, 0.991896, 0.991896, 0.991896, 0.991896, 0.991896, 0.993768, 0.991896, 0.991896, 0.991896, 0.991896, 0.991896, 0.991896, 0.991896, 0.991896, 0.993768, 0.991896, 0.991896, 0.991896, 0.991896, 0.991893, 0.991893, 0.991893, 0.995245, 0.991893, 0.991893, 0.991893, 0.991893, 0.991893, 0.991893, 0.991893, 0.991893, 0.998788, 0.996919, 0.996919, 0.996919, 0.998788, 0.996919, 0.996919, 0.996919, 0.998788, 0.996919, 0.996919, 0.996919, 0.996919, 0.996919, 0.996919, 0.996919, 0.998788, 0.996919, 0.996919, 0.996919, 0.996919, 0.996919, 0.996919, 0.996919, 0.996919, 0.996919, 0.996919, 0.996919, 0.996919, 0.996919, 0.996919, 0.996919, 0.996919, 0.996919, 0.998788, 0.996919, 0.996919, 0.996919, 0.996919, 0.996919, 0.996919, 0.996919, 0.996919, 0.996919, 0.996919, 0.996919, 0.996919, 0.998788, 0.998411, 0.998878, 0.998878, 0.998878, 0.998878, 0.998878, 0.998878, 0.999517, 0.998878, 0.998878, 0.998878, 0.999517, 0.998878, 0.998878, 0.998878, 0.999517, 0.998878, 0.99943, 0.999696, 0.999696, 0.999696, 0.999696, 0.999696, 0.999696, 0.999925, 0.999696, 0.999696, 0.999696, 0.999696, 0.999696, 0.999696, 0.999696, 0.999925, 0.999696, 0.999696, 0.999696, 0.999696, 0.999696, 0.999696, 0.999696, 0.999696, 0.999925, 0.999696, 0.999696, 0.999696, 0.999925, 0.999696, 0.999696, 0.999696, 0.999696, 0.999696, 0.999696, 0.999696, 0.999861, 0.998878, 0.998878, 0.998878, 0.998878, 0.998878, 0.998878, 0.998878, 0.998878, 0.998878, 0.998878, 0.998878, 0.998878, 0.998878, 0.998878, 0.998878, 0.998878, 0.998878, 0.999517, 0.998878, 0.998878, 0.998878, 0.998878, 0.998878, 0.998878, 0.998878, 0.999517, 0.998878, 0.998878, 0.998878, 0.998878, 0.998878, 0.998878, 0.998878, 0.998878, 0.999517, 0.998878, 0.998878, 0.998878, 0.999517, 0.998878, 0.998878, 0.998878, 0.998878, 
0.998878, 0.998878, 0.998878, 0.999517, 0.998878, 0.998878, 0.998878, 0.998878, 0.998878, 0.998878, 0.998878, 0.998878, 0.998411, 0.996919, 0.996919, 0.996919, 0.998788, 0.996919, 0.996919, 0.996919, 0.996919, 0.996919, 0.996919, 0.996919, 0.996919, 0.996919, 0.996919, 0.996919, 0.996919, 0.998788, 0.996919, 0.996919, 0.996919, 0.998788, 0.996919, 0.996919, 0.996919, 0.998788, 0.996919, 0.996919, 0.990967, 0.991893, 0.995245, 0.991893, 0.991893, 0.991903, 0.995356, 0.994063, 0.998225, 0.999916, 0.99315, 0.99315, 0.99315, 0.99315, 0.99315, 0.99315, 0.99315, 0.99315, 0.993995, 0.99315, 0.99315, 0.99315, 0.99315, 0.99315, 0.99315, 0.99315, 0.993995, 0.99315, 0.99315, 0.99315, 0.99315, 0.99315, 0.99315, 0.99315, 0.99315, 0.99315, 0.99315, 0.99315, 0.99315, 0.993995, 0.99315, 0.99315, 0.99315, 0.99315, 0.99315, 0.99315, 0.99315, 0.99315, 0.993995, 0.99315, 0.99315, 0.99315, 0.99315, 0.991896, 0.991896, 0.991896, 0.993768, 0.991896, 0.991896, 0.991896, 0.991896, 0.991896, 0.991896, 0.991896, 0.991896, 0.995245, 0.991893, 0.991893, 0.991893, 0.995245, 0.991893, 0.991893, 0.991893, 0.995245, 0.991893, 0.991893, 0.991893, 0.991893, 0.991893, 0.991893, 0.991893, 0.991893, 0.991893, 0.991893, 0.991893, 0.991893, 0.995245, 0.991893, 0.991893, 0.991893, 0.991893, 0.991893, 0.991893, 0.991893, 0.991893, 0.991893, 0.991893, 0.991893, 0.991893, 0.995245, 0.991893, 0.991893, 0.991893, 0.991893, 0.991893, 0.991893, 0.991893, 0.991893, 0.991893, 0.991893, 0.991893, 0.991893, 0.995245, 0.995069, 0.996919, 0.996919, 0.996919, 0.996919, 0.996919, 0.996919, 0.998788, 0.996919, 0.996919, 0.996919, 0.998788, 0.996919, 0.996919, 0.996919, 0.998788, 0.996919, 0.998411, 0.998878, 0.998878, 0.998878, 0.998878, 0.998878, 0.998878, 0.999517, 0.998878, 0.998878, 0.998878, 0.998878, 0.998878, 0.998878, 0.998878, 0.999517, 0.998878, 0.998878, 0.998878, 0.998878, 0.998878, 0.998878, 0.998878, 0.998878, 0.999517, 0.998878, 0.998878, 0.998878, 0.999517, 0.998878, 
0.998878, 0.998878, 0.998878, 0.998878, 0.998878, 0.998878, 0.999687, 0.996919, 0.996919, 0.996919, 0.996919, 0.996919, 0.996919, 0.996919, 0.996919, 0.996919, 0.996919, 0.996919, 0.996919, 0.996919, 0.996919, 0.996919, 0.996919, 0.996919, 0.998788, 0.996919, 0.996919, 0.996919, 0.996919, 0.996919, 0.996919, 0.996919, 0.996919, 0.996919, 0.998788, 0.996919, 0.996919, 0.996919, 0.996919, 0.996919, 0.996919, 0.998788, 0.996919, 0.996919, 0.996919, 0.996919, 0.996919, 0.996919, 0.996919, 0.998788, 0.996919, 0.996919, 0.996919, 0.998788, 0.996919, 0.996919, 0.996919, 0.996919, 0.996919, 0.996919, 0.996919, 0.996919, 0.997072, 0.991893, 0.991893, 0.991893, 0.995245, 0.991893, 0.991893, 0.991893, 0.991893, 0.991893, 0.991893, 0.991893, 0.991893, 0.991893, 0.991893, 0.991893, 0.991893, 0.995245, 0.991893, 0.991893, 0.991893, 0.995245, 0.991893, 0.991893, 0.991893, 0.991893, 0.991893, 0.991893, 0.995082, 0.991896, 0.993768, 0.991896, 0.991896, 0.9919, 0.992048, 0.99338, 0.997289, 0.999121, 0.991481, 0.991481, 0.991481, 0.991481, 0.991481, 0.991481, 0.991481, 0.991481, 0.99267, 0.991481, 0.991481, 0.991481, 0.991481, 0.991481, 0.991481, 0.991481, 0.99267, 0.991481, 0.991481, 0.991481, 0.991481, 0.991481, 0.991481, 0.991481, 0.991481, 0.991481, 0.991481, 0.991481, 0.991481, 0.99267, 0.991481, 0.991481, 0.991481, 0.991481, 0.991481, 0.991481, 0.991481, 0.991481, 0.99267, 0.991481, 0.991481, 0.991481, 0.991481, 0.99315, 0.99315, 0.99315, 0.993995, 0.99315, 0.99315, 0.99315, 0.99315, 0.99315, 0.99315, 0.99315, 0.99315, 0.993768, 0.991896, 0.991896, 0.991896, 0.993768, 0.991896, 0.991896, 0.991896, 0.991896, 0.991896, 0.991896, 0.991896, 0.993768, 0.991896, 0.991896, 0.991896, 0.991896, 0.991896, 0.991896, 0.991896, 0.991896, 0.993768, 0.991896, 0.991896, 0.991896, 0.991896, 0.991896, 0.991896, 0.991896, 0.991896, 0.991896, 0.991896, 0.991896, 0.991896, 0.993768, 0.991896, 0.991896, 0.991896, 0.991896, 0.991896, 0.991896, 0.991896, 0.991896, 0.991896, 0.991896, 
0.991896, 0.991896, 0.993768, 0.992237, 0.991893, 0.991893, 0.991893, 0.991893, 0.991893, 0.991893, 0.995245, 0.991893, 0.991893, 0.991893, 0.995245, 0.991893, 0.991893, 0.991893, 0.995245, 0.991893, 0.995069, 0.996919, 0.996919, 0.996919, 0.996919, 0.996919, 0.996919, 0.998788, 0.996919, 0.996919, 0.996919, 0.996919, 0.996919, 0.996919, 0.996919, 0.998788, 0.996919, 0.996919, 0.996919, 0.996919, 0.996919, 0.996919, 0.996919, 0.996919, 0.998788, 0.996919, 0.996919, 0.996919, 0.996919, 0.996919, 0.996919, 0.996919, 0.998788, 0.996919, 0.996919, 0.996919, 0.995069, 0.991893, 0.991893, 0.991893, 0.991893, 0.991893, 0.991893, 0.991893, 0.991893, 0.995245, 0.991893, 0.991893, 0.991893, 0.991893, 0.991893, 0.991893, 0.991893, 0.991893, 0.995245, 0.991893, 0.991893, 0.991893, 0.991893, 0.991893, 0.991893, 0.991893, 0.991893, 0.991893, 0.991893, 0.991893, 0.991893, 0.995245, 0.991893, 0.991893, 0.991893, 0.995245, 0.991893, 0.991893, 0.991893, 0.991893, 0.991893, 0.991893, 0.991893, 0.995245, 0.991893, 0.991893, 0.991893, 0.991893, 0.991893, 0.991893, 0.991893, 0.991893, 0.995245, 0.991893, 0.991893, 0.991893, 0.991896, 0.991896, 0.991896, 0.991896, 0.993768, 0.991896, 0.991896, 0.991896, 0.991896, 0.991896, 0.991896, 0.991896, 0.991896, 0.991896, 0.991896, 0.991896, 0.991896, 0.993768, 0.991896, 0.991896, 0.991896, 0.993768, 0.991896, 0.991896, 0.991896, 0.991896, 0.991896, 0.991896, 0.992854, 0.99315, 0.99315, 0.99315, 0.99315, 0.99315, 0.994101, 0.994626, 0.998333, 0.999902, 0.983142, 0.983142, 0.983142, 0.983142, 0.983142, 0.983142, 0.983142, 0.983142, 0.987676, 0.983142, 0.983142, 0.983142, 0.983142, 0.983142, 0.983142, 0.983142, 0.987676, 0.983142, 0.983142, 0.983142, 0.983142, 0.983142, 0.983142, 0.983142, 0.983142, 0.983142, 0.983142, 0.983142, 0.983142, 0.987676, 0.983142, 0.983142, 0.983142, 0.983142, 0.983142, 0.983142, 0.983142, 0.983142, 0.987676, 0.983142, 0.983142, 0.983142, 0.983142, 0.991481, 0.991481, 0.991481, 0.99267, 0.991481, 0.991481, 0.991481, 
0.991481, 0.991481, 0.991481, 0.991481, 0.991481, 0.993995, 0.99315, 0.99315, 0.99315, 0.993995, 0.99315, 0.99315, 0.99315, 0.99315, 0.99315, 0.99315, 0.99315, 0.993995, 0.99315, 0.99315, 0.99315, 0.99315, 0.99315, 0.99315, 0.99315, 0.99315, 0.993995, 0.99315, 0.99315, 0.99315, 0.99315, 0.99315, 0.99315, 0.99315, 0.99315, 0.99315, 0.99315, 0.99315, 0.99315, 0.993995, 0.99315, 0.99315, 0.99315, 0.99315, 0.99315, 0.99315, 0.99315, 0.99315, 0.99315, 0.99315, 0.99315, 0.99315, 0.993995, 0.992854, 0.991896, 0.991896, 0.991896, 0.991896, 0.991896, 0.991896, 0.993768, 0.991896, 0.991896, 0.991896, 0.993768, 0.991896, 0.991896, 0.991896, 0.993768, 0.991896, 0.992237, 0.991893, 0.991893, 0.991893, 0.991893, 0.991893, 0.991893, 0.991893, 0.991893, 0.991893, 0.991893, 0.995245, 0.991893, 0.991893, 0.991893, 0.995245, 0.991893, 0.991893, 0.991893, 0.991893, 0.991893, 0.991893, 0.991893, 0.991893, 0.995245, 0.991893, 0.991893, 0.991893, 0.991893, 0.991893, 0.991893, 0.991893, 0.995245, 0.991893, 0.991893, 0.991893, 0.992237, 0.991896, 0.991896, 0.991896, 0.991896, 0.991896, 0.991896, 0.991896, 0.991896, 0.993768, 0.991896, 0.991896, 0.991896, 0.991896, 0.991896, 0.991896, 0.991896, 0.991896, 0.993768, 0.991896, 0.991896, 0.991896, 0.991896, 0.991896, 0.991896, 0.991896, 0.991896, 0.991896, 0.991896, 0.991896, 0.991896, 0.993768, 0.991896, 0.991896, 0.991896, 0.993768, 0.991896, 0.991896, 0.991896, 0.991896, 0.991896, 0.991896, 0.991896, 0.991896, 0.991896, 0.991896, 0.991896, 0.991896, 0.993768, 0.991896, 0.991896, 0.991896, 0.993768, 0.991896, 0.991896, 0.991896, 0.99315, 0.99315, 0.99315, 0.99315, 0.99315, 0.99315, 0.99315, 0.99315, 0.99315, 0.99315, 0.99315, 0.99315, 0.99315, 0.993995, 0.99315, 0.99315, 0.99315, 0.993995, 0.99315, 0.99315, 0.99315, 0.99315, 0.99315, 0.99315, 0.99315, 0.99315, 0.993995, 0.99315, 0.992526, 0.991481, 0.991481, 0.991481, 0.991482, 0.991573, 0.993563, 0.996332, 0.999532, 0.999918, 
0.95296, 0.95296, 0.95296, 0.95296, 0.95296, 0.95296, 0.95296, 0.95296, 0.967045, 0.95296, 0.95296, 0.95296, 0.95296, 0.95296, 0.95296, 0.95296, 0.967045, 0.95296, 0.95296, 0.95296, 0.95296, 0.95296, 0.95296, 0.95296, 0.95296, 0.95296, 0.95296, 0.95296, 0.95296, 0.967045, 0.95296, 0.95296, 0.95296, 0.967045, 0.95296, 0.95296, 0.95296, 0.95296, 0.95296, 0.95296, 0.95296, 0.95296, 0.95296, 0.983142, 0.983142, 0.983142, 0.987676, 0.983142, 0.983142, 0.983142, 0.983142, 0.983142, 0.983142, 0.983142, 0.983142, 0.99267, 0.991481, 0.991481, 0.991481, 0.99267, 0.991481, 0.991481, 0.991481, 0.991481, 0.991481, 0.991481, 0.991481, 0.99267, 0.991481, 0.991481, 0.991481, 0.991481, 0.991481, 0.991481, 0.991481, 0.991481, 0.99267, 0.991481, 0.991481, 0.991481, 0.991481, 0.991481, 0.991481, 0.991481, 0.99267, 0.991481, 0.991481, 0.991481, 0.991481, 0.991481, 0.991481, 0.991481, 0.991481, 0.991481, 0.991481, 0.991481, 0.991481, 0.99267, 0.991481, 0.991481, 0.991481, 0.991481, 0.991481, 0.992526, 0.99315, 0.99315, 0.99315, 0.99315, 0.99315, 0.99315, 0.993995, 0.99315, 0.99315, 0.99315, 0.993995, 0.99315, 0.99315, 0.99315, 0.993995, 0.99315, 0.992854, 0.991896, 0.991896, 0.991896, 0.991896, 0.991896, 0.991896, 0.991896, 0.991896, 0.991896, 0.991896, 0.993768, 0.991896, 0.991896, 0.991896, 0.993768, 0.991896, 0.991896, 0.991896, 0.991896, 0.991896, 0.991896, 0.991896, 0.991896, 0.993768, 0.991896, 0.991896, 0.991896, 0.991896, 0.991896, 0.991896, 0.991896, 0.993768, 0.991896, 0.991896, 0.991896, 0.992854, 0.99315, 0.99315, 0.99315, 0.99315, 0.99315, 0.99315, 0.99315, 0.99315, 0.993995, 0.99315, 0.99315, 0.99315, 0.99315, 0.99315, 0.99315, 0.99315, 0.99315, 0.993995, 0.99315, 0.99315, 0.99315, 0.99315, 0.99315, 0.99315, 0.99315, 0.99315, 0.99315, 0.99315, 0.99315, 0.99315, 0.993995, 0.99315, 0.99315, 0.99315, 0.993995, 0.99315, 0.99315, 0.99315, 0.99315, 0.99315, 0.99315, 0.99315, 0.99315, 
0.99315, 0.99315, 0.99315, 0.99315, 0.993995, 0.99315, 0.99315, 0.99315, 0.993995, 0.99315, 0.99315, 0.99315, 0.991481, 0.991481, 0.991481, 0.991481, 0.991481, 0.991481, 0.991481, 0.991481, 0.991481, 0.991481, 0.991481, 0.991481, 0.991481, 0.99267, 0.991481, 0.991481, 0.991481, 0.99267, 0.991481, 0.991481, 0.991481, 0.991481, 0.991481, 0.991481, 0.991481, 0.991481, 0.99267, 0.991481, 0.989416, 0.983142, 0.983143, 0.98318, 0.98357, 0.983887, 0.987106, 0.993827, 0.999049, 0.999766, 0.923003, 0.923003, 0.923003, 0.923003, 0.923003, 0.923003, 0.923003, 0.923003, 0.923003, 0.923003, 0.923003, 0.923003, 0.94148, 0.923003, 0.923003, 0.923003, 0.94148, 0.923003, 0.923003, 0.923003, 0.923003, 0.923003, 0.923003, 0.923003, 0.923003, 0.923003, 0.923003, 0.923003, 0.923003, 0.94148, 0.923003, 0.923003, 0.923003, 0.94148, 0.923003, 0.923003, 0.923003, 0.923003, 0.923003, 0.923003, 0.923003, 0.923003, 0.952704, 0.95296, 0.95296, 0.95296, 0.95296, 0.95296, 0.95296, 0.95296, 0.967045, 0.95296, 0.95296, 0.95296, 0.915465, 0.987676, 0.983142, 0.983142, 0.983142, 0.987676, 0.983142, 0.983142, 0.983142, 0.983142, 0.983142, 0.983142, 0.983142, 0.987676, 0.983142, 0.983142, 0.983142, 0.983142, 0.983142, 0.983142, 0.983142, 0.983142, 0.987676, 0.983142, 0.983142, 0.983142, 0.983142, 0.983142, 0.983142, 0.983142, 0.987676, 0.983142, 0.983142, 0.983142, 0.983142, 0.983142, 0.983142, 0.983142, 0.983142, 0.983142, 0.983142, 0.983142, 0.983142, 0.987676, 0.983142, 0.983142, 0.983142, 0.983142, 0.983142, 0.989416, 0.991481, 0.991481, 0.991481, 0.991481, 0.991481, 0.991481, 0.99267, 0.991481, 0.991481, 0.991481, 0.99267, 0.991481, 0.991481, 0.991481, 0.99267, 0.991481, 0.992526, 0.99315, 0.99315, 0.99315, 0.99315, 0.99315, 0.99315, 0.99315, 0.99315, 0.99315, 0.99315, 0.993995, 0.99315, 0.99315, 0.99315, 0.993995, 0.99315, 0.99315, 0.99315, 0.99315, 0.99315, 0.99315, 0.99315, 0.99315, 0.993995, 0.99315, 0.99315, 0.99315, 0.99315, 0.99315, 
0.99315, 0.99315, 0.993995, 0.99315, 0.99315, 0.99315, 0.990446, 0.99267, 0.991481, 0.991481, 0.991481, 0.991481, 0.991481, 0.991481, 0.991481, 0.99267, 0.991481, 0.991481, 0.991481, 0.991481, 0.991481, 0.991481, 0.991481, 0.991481, 0.99267, 0.991481, 0.991481, 0.991481, 0.991481, 0.991481, 0.991481, 0.991481, 0.991481, 0.991481, 0.991481, 0.991481, 0.991481, 0.99267, 0.991481, 0.991481, 0.991481, 0.99267, 0.991481, 0.991481, 0.991481, 0.991481, 0.991481, 0.991481, 0.991481, 0.991481, 0.991481, 0.991481, 0.991481, 0.991481, 0.99267, 0.991481, 0.991481, 0.991481, 0.99267, 0.991481, 0.991481, 0.991481, 0.983142, 0.983142, 0.983142, 0.983142, 0.983142, 0.983142, 0.983142, 0.983142, 0.983142, 0.983142, 0.983142, 0.983142, 0.983142, 0.987676, 0.983142, 0.983142, 0.983142, 0.987676, 0.983142, 0.983142, 0.983142, 0.983142, 0.983142, 0.983142, 0.983142, 0.983142, 0.987676, 0.983142, 0.97466, 0.95296, 0.95296, 0.95296, 0.95296, 0.965014, 0.979733, 0.993639, 0.997302, 0.996709, 0.95296, 0.95296, 0.95296, 0.95296, 0.967045, 0.95296, 0.95296, 0.95296, 0.95296, 0.95296, 0.95296, 0.95296, 0.967045, 0.95296, 0.95296, 0.95296, 0.967045, 0.95296, 0.95296, 0.95296, 0.95296, 0.95296, 0.95296, 0.95296, 0.95296, 0.967045, 0.95296, 0.95296, 0.95296, 0.95296, 0.95296, 0.95296, 0.95296, 0.967045, 0.95296, 0.95296, 0.95296, 0.95296, 0.95296, 0.95296, 0.95296, 0.95296, 0.960927, 0.923003, 0.923003, 0.923003, 0.923003, 0.923003, 0.923003, 0.923003, 0.94148, 0.923003, 0.923003, 0.923003, 0.940659, 0.95296, 0.95296, 0.95296, 0.95296, 0.967045, 0.95296, 0.95296, 0.95296, 0.95296, 0.95296, 0.95296, 0.95296, 0.967045, 0.95296, 0.95296, 0.95296, 0.95296, 0.95296, 0.95296, 0.95296, 0.95296, 0.967045, 0.95296, 0.95296, 0.95296, 0.95296, 0.95296, 0.95296, 0.95296, 0.967045, 0.95296, 0.95296, 0.95296, 0.95296, 0.95296, 0.95296, 0.95296, 0.95296, 0.95296, 0.95296, 0.95296, 0.95296, 0.967045, 0.95296, 0.95296, 
0.95296, 0.95296, 0.95296, 0.97466, 0.983142, 0.983142, 0.983142, 0.983142, 0.983142, 0.983142, 0.987676, 0.983142, 0.983142, 0.983142, 0.987676, 0.983142, 0.983142, 0.983142, 0.983142, 0.987676, 0.989416, 0.991481, 0.991481, 0.991481, 0.991481, 0.991481, 0.991481, 0.991481, 0.991481, 0.991481, 0.991481, 0.99267, 0.991481, 0.991481, 0.991481, 0.99267, 0.991481, 0.991481, 0.991481, 0.991481, 0.991481, 0.991481, 0.991481, 0.991481, 0.991481, 0.991481, 0.991481, 0.991481, 0.99267, 0.991481, 0.991481, 0.991481, 0.991481, 0.991481, 0.991481, 0.991481, 0.991481, 0.987676, 0.983142, 0.983142, 0.983142, 0.983142, 0.983142, 0.983142, 0.983142, 0.987676, 0.983142, 0.983142, 0.983142, 0.983142, 0.983142, 0.983142, 0.983142, 0.983142, 0.987676, 0.983142, 0.983142, 0.983142, 0.983142, 0.983142, 0.983142, 0.983142, 0.983142, 0.983142, 0.983142, 0.983142, 0.983142, 0.987676, 0.983142, 0.983142, 0.983142, 0.983142, 0.983142, 0.983142, 0.983142, 0.987676, 0.983142, 0.983142, 0.983142, 0.983142, 0.983142, 0.983142, 0.983142, 0.983142, 0.987676, 0.983142, 0.983142, 0.983142, 0.983142, 0.983142, 0.983142, 0.983142, 0.979494, 0.95296, 0.95296, 0.95296, 0.95296, 0.95296, 0.95296, 0.95296, 0.95296, 0.95296, 0.95296, 0.95296, 0.95296, 0.967045, 0.95296, 0.95296, 0.95296, 0.95296, 0.95296, 0.95296, 0.95296, 0.95296, 0.967045, 0.95296, 0.95296, 0.95296, 0.95296, 0.95296, 0.940659, 0.923003, 0.923003, 0.923003, 0.923003, 0.923003, 0.923003, 0.923003, 0.923003, 0.923003, 0.983142, 0.983142, 0.983142, 0.983142, 0.987676, 0.983142, 0.983142, 0.983142, 0.983142, 0.983142, 0.983142, 0.983142, 0.987676, 0.983142, 0.983142, 0.983142, 0.987676, 0.983142, 0.983142, 0.983142, 0.983142, 0.983142, 0.983142, 0.983142, 0.983142, 0.987676, 0.983142, 0.983142, 0.983142, 0.983142, 0.983142, 0.983142, 0.983142, 0.987676, 0.983142, 0.983142, 0.983142, 0.987676, 0.983142, 0.983142, 0.983142, 0.983142, 0.97466, 0.95296, 0.95296, 0.95296, 0.95296, 0.95296, 0.95296, 0.95296, 
0.967045, 0.95296, 0.95296, 0.95296, 0.940659, 0.923003, 0.923003, 0.923003, 0.923003, 0.94148, 0.923003, 0.923003, 0.923003, 0.923003, 0.923003, 0.923003, 0.923003, 0.94148, 0.923003, 0.923003, 0.923003, 0.923003, 0.923003, 0.923003, 0.923003, 0.923003, 0.94148, 0.923003, 0.923003, 0.923003, 0.923003, 0.923003, 0.923003, 0.923003, 0.94148, 0.923003, 0.923003, 0.923003, 0.923003, 0.923003, 0.923003, 0.923003, 0.923003, 0.923003, 0.923003, 0.923003, 0.923003, 0.94148, 0.923003, 0.923003, 0.923003, 0.923003, 0.923003, 0.940659, 0.95296, 0.95296, 0.95296, 0.95296, 0.95296, 0.95296, 0.967045, 0.95296, 0.95296, 0.95296, 0.967045, 0.95296, 0.95296, 0.95296, 0.95296, 0.95296, 0.979494, 0.983142, 0.983142, 0.983142, 0.983142, 0.983142, 0.983142, 0.983142, 0.983142, 0.983142, 0.983142, 0.987676, 0.983142, 0.983142, 0.983142, 0.987676, 0.983142, 0.983142, 0.983142, 0.983142, 0.983142, 0.983142, 0.983142, 0.983142, 0.983142, 0.983142, 0.983142, 0.983142, 0.987676, 0.983142, 0.983142, 0.983142, 0.983142, 0.983142, 0.983142, 0.983142, 0.983142, 0.967045, 0.95296, 0.95296, 0.95296, 0.95296, 0.95296, 0.95296, 0.95296, 0.967045, 0.95296, 0.95296, 0.95296, 0.95296, 0.95296, 0.95296, 0.95296, 0.95296, 0.967045, 0.95296, 0.95296, 0.95296, 0.95296, 0.95296, 0.95296, 0.95296, 0.95296, 0.95296, 0.95296, 0.95296, 0.95296, 0.967045, 0.95296, 0.95296, 0.95296, 0.95296, 0.95296, 0.95296, 0.95296, 0.967045, 0.95296, 0.95296, 0.95296, 0.95296, 0.95296, 0.95296, 0.95296, 0.95296, 0.967045, 0.95296, 0.95296, 0.95296, 0.95296, 0.95296, 0.95296, 0.95296, 0.940659, 0.94148, 0.923003, 0.923003, 0.923003, 0.923003, 0.923003, 0.923003, 0.923003, 0.923003, 0.923003, 0.923003, 0.923003, 0.923003, 0.923003, 0.923003, 0.923003, 0.923003, 0.94148, 0.923003, 0.923003, 0.923003, 0.94148, 0.923003, 0.923003, 0.923003, 0.923003, 0.923003, 0.940659, 0.95296, 0.95296, 0.95296, 0.95296, 0.95296, 0.95296, 0.95296, 0.95296, 0.95296, 
0.991481, 0.991481, 0.991481, 0.991481, 0.99267, 0.991481, 0.991481, 0.991481, 0.991481, 0.991481, 0.991481, 0.991481, 0.99267, 0.991481, 0.991481, 0.991481, 0.99267, 0.991481, 0.991481, 0.991481, 0.991481, 0.991481, 0.991481, 0.991481, 0.991481, 0.99267, 0.991481, 0.991481, 0.991481, 0.991481, 0.991481, 0.991481, 0.991481, 0.99267, 0.991481, 0.991481, 0.991481, 0.99267, 0.991481, 0.991481, 0.991481, 0.991481, 0.989416, 0.983142, 0.983142, 0.983142, 0.983142, 0.983142, 0.983142, 0.983142, 0.987676, 0.983142, 0.983142, 0.983142, 0.97466, 0.95296, 0.95296, 0.95296, 0.95296, 0.967045, 0.95296, 0.95296, 0.95296, 0.95296, 0.95296, 0.95296, 0.95296, 0.967045, 0.95296, 0.95296, 0.95296, 0.95296, 0.95296, 0.95296, 0.95296, 0.95296, 0.967045, 0.95296, 0.95296, 0.95296, 0.95296, 0.95296, 0.95296, 0.95296, 0.967045, 0.95296, 0.95296, 0.95296, 0.95296, 0.95296, 0.95296, 0.95296, 0.95296, 0.95296, 0.95296, 0.95296, 0.95296, 0.967045, 0.95296, 0.95296, 0.95296, 0.95296, 0.95296, 0.940659, 0.923003, 0.923003, 0.923003, 0.923003, 0.923003, 0.923003, 0.94148, 0.923003, 0.923003, 0.923003, 0.94148, 0.923003, 0.923003, 0.923003, 0.923003, 0.923003, 0.923003, 0.967045, 0.95296, 0.95296, 0.95296, 0.95296, 0.95296, 0.95296, 0.95296, 0.95296, 0.95296, 0.967045, 0.95296, 0.95296, 0.95296, 0.95296, 0.95296, 0.95296, 0.95296, 0.95296, 0.967045, 0.95296, 0.95296, 0.95296, 0.95296, 0.95296, 0.95296, 0.95296, 0.967045, 0.95296, 0.95296, 0.95296, 0.95296, 0.95296, 0.95296, 0.95296, 0.95296, 0.94148, 0.923003, 0.923003, 0.923003, 0.923003, 0.923003, 0.923003, 0.923003, 0.923003, 0.923003, 0.923003, 0.923003, 0.923003, 0.94148, 0.923003, 0.923003, 0.923003, 0.923003, 0.923003, 0.923003, 0.923003, 0.94148, 0.923003, 0.923003, 0.923003, 0.923003, 0.923003, 0.923003, 0.923003, 0.923003, 0.94148, 0.923003, 0.923003, 0.923003, 0.923003, 0.923003, 0.923003, 0.923003, 0.94148, 0.923003, 0.923003, 0.923003, 0.923003, 
0.923003, 0.923003, 0.923003, 0.923003, 0.94148, 0.923003, 0.923003, 0.923003, 0.923003, 0.923003, 0.923003, 0.923003, 0.940659, 0.95296, 0.95296, 0.95296, 0.95296, 0.967045, 0.95296, 0.95296, 0.95296, 0.95296, 0.95296, 0.95296, 0.95296, 0.95296, 0.95296, 0.95296, 0.95296, 0.95296, 0.967045, 0.95296, 0.95296, 0.95296, 0.967045, 0.95296, 0.95296, 0.95296, 0.95296, 0.95296, 0.97466, 0.983142, 0.983142, 0.983142, 0.983142, 0.983142, 0.983142, 0.983142, 0.983142, 0.983142, 0.99315, 0.99315, 0.99315, 0.99315, 0.993995, 0.99315, 0.99315, 0.99315, 0.99315, 0.99315, 0.99315, 0.99315, 0.993995, 0.99315, 0.99315, 0.99315, 0.993995, 0.99315, 0.99315, 0.99315, 0.99315, 0.99315, 0.99315, 0.99315, 0.99315, 0.993995, 0.99315, 0.99315, 0.99315, 0.99315, 0.99315, 0.99315, 0.99315, 0.993995, 0.99315, 0.99315, 0.99315, 0.993995, 0.99315, 0.99315, 0.99315, 0.99315, 0.992526, 0.991481, 0.991481, 0.991481, 0.991481, 0.991481, 0.991481, 0.991481, 0.99267, 0.991481, 0.991481, 0.991481, 0.989416, 0.983142, 0.983142, 0.983142, 0.983142, 0.987676, 0.983142, 0.983142, 0.983142, 0.983142, 0.983142, 0.983142, 0.983142, 0.987676, 0.983142, 0.983142, 0.983142, 0.983142, 0.983142, 0.983142, 0.983142, 0.983142, 0.987676, 0.983142, 0.983142, 0.983142, 0.983142, 0.983142, 0.983142, 0.983142, 0.987676, 0.983142, 0.983142, 0.983142, 0.983142, 0.983142, 0.983142, 0.983142, 0.983142, 0.983142, 0.983142, 0.983142, 0.983142, 0.987676, 0.983142, 0.983142, 0.983142, 0.983142, 0.983142, 0.97466, 0.95296, 0.95296, 0.95296, 0.95296, 0.95296, 0.95296, 0.967045, 0.95296, 0.95296, 0.95296, 0.967045, 0.95296, 0.95296, 0.95296, 0.95296, 0.95296, 0.95296, 0.923003, 0.94148, 0.923003, 0.923003, 0.923003, 0.923003, 0.923003, 0.923003, 0.923003, 0.923003, 0.94148, 0.923003, 0.923003, 0.923003, 0.923003, 0.923003, 0.923003, 0.923003, 0.923003, 0.94148, 0.923003, 0.923003, 0.923003, 0.923003, 0.923003, 0.923003, 0.923003, 0.94148, 0.923003, 
0.923003, 0.923003, 0.923003, 0.923003, 0.923003, 0.923003, 0.923003, 0.967045, 0.95296, 0.95296, 0.95296, 0.95296, 0.95296, 0.95296, 0.95296, 0.95296, 0.95296, 0.95296, 0.95296, 0.95296, 0.967045, 0.95296, 0.95296, 0.95296, 0.95296, 0.95296, 0.95296, 0.95296, 0.967045, 0.95296, 0.95296, 0.95296, 0.95296, 0.95296, 0.95296, 0.95296, 0.95296, 0.967045, 0.95296, 0.95296, 0.95296, 0.95296, 0.95296, 0.95296, 0.95296, 0.967045, 0.95296, 0.95296, 0.95296, 0.95296, 0.95296, 0.95296, 0.95296, 0.95296, 0.967045, 0.95296, 0.95296, 0.95296, 0.95296, 0.95296, 0.95296, 0.95296, 0.97466, 0.983142, 0.983142, 0.983142, 0.983142, 0.987676, 0.983142, 0.983142, 0.983142, 0.983142, 0.983142, 0.983142, 0.983142, 0.983142, 0.983142, 0.983142, 0.983142, 0.983142, 0.987676, 0.983142, 0.983142, 0.983142, 0.983142, 0.983142, 0.983142, 0.983142, 0.987676, 0.983142, 0.991904, 0.991481, 0.991481, 0.986054, 0.991481, 0.991481, 0.991481, 0.991481, 0.991481, 0.991481, 0.991896, 0.991896, 0.991896, 0.991896, 0.993768, 0.991896, 0.991896, 0.991896, 0.991896, 0.991896, 0.991896, 0.991896, 0.993768, 0.991896, 0.991896, 0.991896, 0.993768, 0.991896, 0.991896, 0.991896, 0.991896, 0.991896, 0.991896, 0.991896, 0.991896, 0.993768, 0.991896, 0.991896, 0.991896, 0.991896, 0.991896, 0.991896, 0.991896, 0.993768, 0.991896, 0.991896, 0.991896, 0.993768, 0.991896, 0.991896, 0.991896, 0.991896, 0.992854, 0.99315, 0.99315, 0.99315, 0.99315, 0.99315, 0.99315, 0.99315, 0.993995, 0.99315, 0.99315, 0.99315, 0.992526, 0.991481, 0.991481, 0.991481, 0.991481, 0.99267, 0.991481, 0.991481, 0.991481, 0.991481, 0.991481, 0.991481, 0.991481, 0.991481, 0.991481, 0.991481, 0.991481, 0.991481, 0.99267, 0.991481, 0.991481, 0.991481, 0.991481, 0.991481, 0.991481, 0.991481, 0.99267, 0.991481, 0.991481, 0.991481, 0.99267, 0.991481, 0.991481, 0.991481, 0.991481, 0.991481, 0.991481, 0.991481, 0.991481, 0.99267, 0.991481, 0.991481, 0.991481, 0.991481, 0.991481, 0.991481, 
0.991481, 0.991481, 0.991481, 0.989416, 0.983142, 0.983142, 0.983142, 0.983142, 0.983142, 0.983142, 0.987676, 0.983142, 0.983142, 0.983142, 0.987676, 0.983142, 0.983142, 0.983142, 0.983142, 0.983142, 0.983142, 0.95296, 0.95296, 0.967045, 0.95296, 0.95296, 0.95296, 0.95296, 0.95296, 0.95296, 0.95296, 0.967045, 0.95296, 0.95296, 0.95296, 0.95296, 0.95296, 0.95296, 0.95296, 0.95296, 0.967045, 0.95296, 0.95296, 0.95296, 0.95296, 0.95296, 0.95296, 0.95296, 0.95296, 0.95296, 0.967045, 0.95296, 0.95296, 0.95296, 0.95296, 0.95296, 0.979494, 0.987676, 0.983142, 0.983142, 0.983142, 0.983142, 0.983142, 0.983142, 0.983142, 0.983142, 0.983142, 0.983142, 0.983142, 0.983142, 0.987676, 0.983142, 0.983142, 0.983142, 0.983142, 0.983142, 0.983142, 0.983142, 0.987676, 0.983142, 0.983142, 0.983142, 0.983142, 0.983142, 0.983142, 0.983142, 0.983142, 0.987676, 0.983142, 0.983142, 0.983142, 0.983142, 0.983142, 0.983142, 0.983142, 0.983142, 0.983142, 0.983142, 0.983142, 0.983142, 0.987676, 0.983142, 0.983142, 0.983142, 0.983142, 0.983142, 0.983142, 0.983142, 0.987676, 0.983142, 0.983142, 0.983142, 0.989416, 0.991481, 0.991481, 0.991481, 0.991481, 0.99267, 0.991481, 0.991481, 0.991481, 0.991481, 0.991481, 0.991481, 0.991481, 0.991481, 0.991481, 0.991481, 0.991481, 0.991481, 0.99267, 0.991481, 0.991481, 0.991481, 0.991481, 0.991481, 0.991481, 0.991481, 0.99267, 0.991481, 0.990446, 0.99315, 0.99315, 0.99315, 0.99315, 0.99315, 0.99315, 0.99315, 0.99315, 0.99315, 0.991893, 0.991893, 0.991893, 0.991893, 0.995245, 0.991893, 0.991907, 0.991896, 0.991893, 0.991893, 0.991893, 0.991893, 0.995245, 0.991893, 0.991893, 0.991893, 0.995245, 0.991893, 0.991893, 0.991893, 0.991893, 0.991893, 0.991893, 0.991893, 0.991893, 0.995245, 0.991893, 0.991893, 0.991893, 0.991893, 0.991893, 0.991893, 0.991893, 0.995245, 0.991893, 0.991893, 0.991893, 0.995245, 0.991893, 0.991893, 0.991893, 0.991893, 0.992237, 0.991896, 0.991896, 0.991896, 0.993768, 0.991896, 0.991896, 0.991896, 
0.991896, 0.991896, 0.991896, 0.991896, 0.992854, 0.99315, 0.99315, 0.99315, 0.99315, 0.993995, 0.99315, 0.99315, 0.99315, 0.99315, 0.99315, 0.99315, 0.99315, 0.99315, 0.99315, 0.99315, 0.99315, 0.99315, 0.993995, 0.99315, 0.99315, 0.99315, 0.99315, 0.99315, 0.99315, 0.99315, 0.993995, 0.99315, 0.99315, 0.99315, 0.993995, 0.99315, 0.99315, 0.99315, 0.99315, 0.99315, 0.99315, 0.99315, 0.99315, 0.993995, 0.99315, 0.99315, 0.99315, 0.99315, 0.99315, 0.99315, 0.99315, 0.99315, 0.99315, 0.992526, 0.991481, 0.991481, 0.991481, 0.991481, 0.991481, 0.991481, 0.99267, 0.991481, 0.991481, 0.991481, 0.99267, 0.991481, 0.991481, 0.991481, 0.991481, 0.991481, 0.991481, 0.983142, 0.983142, 0.983142, 0.983142, 0.983142, 0.983142, 0.987676, 0.983142, 0.983142, 0.983142, 0.987676, 0.983142, 0.983142, 0.983142, 0.983142, 0.983142, 0.983142, 0.983142, 0.983142, 0.983142, 0.983142, 0.983142, 0.983142, 0.987676, 0.983142, 0.983142, 0.983142, 0.983142, 0.983142, 0.983142, 0.983142, 0.983142, 0.987676, 0.983142, 0.983142, 0.989416, 0.991481, 0.991481, 0.991481, 0.99267, 0.991481, 0.991481, 0.991481, 0.991481, 0.991481, 0.991481, 0.991481, 0.991481, 0.991481, 0.99267, 0.991481, 0.991481, 0.991481, 0.991481, 0.991481, 0.991481, 0.991481, 0.99267, 0.991481, 0.991481, 0.991481, 0.991481, 0.991481, 0.991481, 0.991481, 0.991481, 0.99267, 0.991481, 0.991481, 0.991481, 0.991481, 0.991481, 0.991481, 0.991481, 0.991481, 0.991481, 0.991481, 0.991481, 0.991481, 0.991481, 0.991481, 0.991481, 0.991481, 0.99267, 0.991481, 0.991481, 0.991481, 0.99267, 0.991481, 0.991481, 0.991481, 0.992526, 0.99315, 0.99315, 0.99315, 0.99315, 0.993995, 0.99315, 0.99315, 0.99315, 0.99315, 0.99315, 0.99315, 0.99315, 0.99315, 0.99315, 0.99315, 0.99315, 0.99315, 0.993995, 0.99315, 0.99315, 0.99315, 0.99315, 0.99315, 0.99315, 0.99315, 0.99315, 0.99315, 0.992854, 0.991896, 0.991896, 0.991896, 0.991896, 0.991896, 0.991896, 0.991896, 0.991896, 0.991896, 
0.996921, 0.996921, 0.996922, 0.996921, 0.998789, 0.996921, 0.99703, 0.996949, 0.996921, 0.996921, 0.99692, 0.996921, 0.998789, 0.996921, 0.996921, 0.99692, 0.998789, 0.996919, 0.996919, 0.996919, 0.996919, 0.996919, 0.996919, 0.996919, 0.996919, 0.998788, 0.996919, 0.996919, 0.996919, 0.996919, 0.996919, 0.996919, 0.996919, 0.998788, 0.996919, 0.996919, 0.996919, 0.998788, 0.996919, 0.996919, 0.996919, 0.996919, 0.995069, 0.991893, 0.991893, 0.991893, 0.995245, 0.991893, 0.991893, 0.991893, 0.991893, 0.991893, 0.991893, 0.991893, 0.992237, 0.991896, 0.991896, 0.991896, 0.991896, 0.993768, 0.991896, 0.991896, 0.991896, 0.991896, 0.991896, 0.991896, 0.991896, 0.991896, 0.991896, 0.991896, 0.991896, 0.991896, 0.993768, 0.991896, 0.991896, 0.991896, 0.991896, 0.991896, 0.991896, 0.991896, 0.993768, 0.991896, 0.991896, 0.991896, 0.993768, 0.991896, 0.991896, 0.991896, 0.991896, 0.991896, 0.991896, 0.991896, 0.991896, 0.993768, 0.991896, 0.991896, 0.991896, 0.991896, 0.991896, 0.991896, 0.991896, 0.991896, 0.991896, 0.992854, 0.99315, 0.99315, 0.99315, 0.99315, 0.99315, 0.99315, 0.993995, 0.99315, 0.99315, 0.99315, 0.993995, 0.99315, 0.99315, 0.99315, 0.99315, 0.99315, 0.99315, 0.991481, 0.991481, 0.991481, 0.991481, 0.991481, 0.991481, 0.99267, 0.991481, 0.991481, 0.991481, 0.99267, 0.991481, 0.991481, 0.991481, 0.991481, 0.991481, 0.991481, 0.991481, 0.991481, 0.991481, 0.991481, 0.991481, 0.991481, 0.99267, 0.991481, 0.991481, 0.991481, 0.991481, 0.991481, 0.991481, 0.991481, 0.991481, 0.99267, 0.991481, 0.991481, 0.992526, 0.99315, 0.99315, 0.99315, 0.99315, 0.993995, 0.99315, 0.99315, 0.99315, 0.99315, 0.99315, 0.99315, 0.99315, 0.99315, 0.993995, 0.99315, 0.99315, 0.99315, 0.99315, 0.99315, 0.99315, 0.99315, 0.993995, 0.99315, 0.99315, 0.99315, 0.99315, 0.99315, 0.99315, 0.99315, 0.99315, 0.99315, 0.99315, 0.99315, 0.99315, 0.993995, 0.99315, 0.99315, 0.99315, 0.99315, 0.99315, 0.99315, 0.99315, 0.99315, 
0.99315, 0.99315, 0.99315, 0.99315, 0.993995, 0.99315, 0.99315, 0.99315, 0.993995, 0.99315, 0.99315, 0.99315, 0.992854, 0.993768, 0.991896, 0.991896, 0.991896, 0.991896, 0.991896, 0.991896, 0.991896, 0.991896, 0.993768, 0.991896, 0.991896, 0.991896, 0.991896, 0.991896, 0.991896, 0.991896, 0.993768, 0.991896, 0.991896, 0.991896, 0.991896, 0.991896, 0.991896, 0.991896, 0.991896, 0.991896, 0.992237, 0.991893, 0.991893, 0.991893, 0.991893, 0.991893, 0.991893, 0.991893, 0.985024, 0.991893, 0.999521, 0.99889, 0.998895, 0.99889, 0.99889, 0.99889, 0.999126, 0.998952, 0.999521, 0.99889, 0.998884, 0.99889, 0.999521, 0.99889, 0.998895, 0.998884, 0.999517, 0.998878, 0.998878, 0.998878, 0.998878, 0.998878, 0.998878, 0.998878, 0.998878, 0.999517, 0.998878, 0.998878, 0.998878, 0.999517, 0.998878, 0.998878, 0.998878, 0.998878, 0.998878, 0.998878, 0.998878, 0.999517, 0.998878, 0.998878, 0.998878, 0.998878, 0.998411, 0.996919, 0.996919, 0.996919, 0.998788, 0.996919, 0.996919, 0.996919, 0.996919, 0.996919, 0.996919, 0.996919, 0.995069, 0.991893, 0.991893, 0.991893, 0.991893, 0.995245, 0.991893, 0.991893, 0.991893, 0.991893, 0.991893, 0.991893, 0.991893, 0.991893, 0.991893, 0.991893, 0.991893, 0.991893, 0.995245, 0.991893, 0.991893, 0.991893, 0.991893, 0.991893, 0.991893, 0.991893, 0.995245, 0.991893, 0.991893, 0.991893, 0.995245, 0.991893, 0.991893, 0.991893, 0.991893, 0.991893, 0.991893, 0.991893, 0.991893, 0.995245, 0.991893, 0.991893, 0.991893, 0.991893, 0.991893, 0.991893, 0.991893, 0.991893, 0.991893, 0.992237, 0.991896, 0.991896, 0.991896, 0.991896, 0.991896, 0.991896, 0.993768, 0.991896, 0.991896, 0.991896, 0.993768, 0.991896, 0.991896, 0.991896, 0.991896, 0.991896, 0.991896, 0.99315, 0.99315, 0.99315, 0.99315, 0.99315, 0.99315, 0.993995, 0.99315, 0.99315, 0.99315, 0.993995, 0.99315, 0.99315, 0.99315, 0.99315, 0.99315, 0.99315, 0.99315, 0.99315, 0.99315, 0.99315, 0.99315, 0.99315, 0.993995, 0.99315, 0.99315, 0.99315, 0.99315, 0.99315, 
0.99315, 0.99315, 0.99315, 0.993995, 0.99315, 0.99315, 0.990446, 0.993768, 0.991896, 0.991896, 0.991896, 0.993768, 0.991896, 0.991896, 0.991896, 0.991896, 0.991896, 0.991896, 0.991896, 0.991896, 0.993768, 0.991896, 0.991896, 0.991896, 0.991896, 0.991896, 0.991896, 0.991896, 0.993768, 0.991896, 0.991896, 0.991896, 0.991896, 0.991896, 0.991896, 0.991896, 0.991896, 0.991896, 0.991896, 0.991896, 0.991896, 0.993768, 0.991896, 0.991896, 0.991896, 0.991896, 0.991896, 0.991896, 0.991896, 0.991896, 0.991896, 0.991896, 0.991896, 0.991896, 0.993768, 0.991896, 0.991896, 0.991896, 0.991896, 0.991896, 0.991896, 0.991896, 0.992237, 0.995245, 0.991893, 0.991893, 0.991893, 0.991893, 0.991893, 0.991893, 0.991893, 0.991893, 0.991893, 0.991893, 0.991893, 0.991893, 0.995245, 0.991893, 0.991893, 0.991893, 0.995245, 0.991893, 0.991893, 0.991893, 0.991893, 0.991893, 0.991893, 0.991893, 0.991893, 0.991893, 0.998141, 0.996919, 0.996919, 0.990967, 0.996919, 0.996919, 0.996919, 0.996919, 0.996919, 0.996919, 0.999934, 0.99973, 0.999746, 0.99973, 0.99973, 0.99981, 0.999894, 0.999798, 0.999934, 0.99973, 0.999714, 0.99973, 0.999938, 0.99973, 0.99973, 0.999714, 0.999926, 0.999698, 0.999698, 0.999698, 0.999698, 0.999698, 0.999698, 0.999698, 0.9997, 0.999926, 0.999698, 0.999696, 0.999696, 0.999925, 0.999696, 0.999696, 0.999696, 0.999696, 0.999696, 0.999696, 0.999696, 0.999925, 0.999696, 0.999696, 0.999696, 0.999696, 0.99943, 0.998878, 0.998878, 0.998878, 0.999517, 0.998878, 0.998878, 0.998878, 0.998878, 0.998878, 0.998878, 0.998878, 0.998411, 0.996919, 0.996919, 0.996919, 0.996919, 0.998788, 0.996919, 0.996919, 0.996919, 0.996919, 0.996919, 0.996919, 0.996919, 0.996919, 0.996919, 0.996919, 0.996919, 0.996919, 0.998788, 0.996919, 0.996919, 0.996919, 0.996919, 0.996919, 0.996919, 0.996919, 0.998788, 0.996919, 0.996919, 0.996919, 0.998788, 0.996919, 0.996919, 0.996919, 0.996919, 0.996919, 0.996919, 0.996919, 0.996919, 0.998788, 0.996919, 0.996919, 0.996919, 0.998788, 0.996919, 0.996919, 
0.996919, 0.990967, 0.996919, 0.995069, 0.991893, 0.991893, 0.991893, 0.991893, 0.991893, 0.995245, 0.995245, 0.991893, 0.991893, 0.991893, 0.991893, 0.991893, 0.991893, 0.991893, 0.991893, 0.991893, 0.991893, 0.991896, 0.991896, 0.991896, 0.991896, 0.991896, 0.991896, 0.993768, 0.991896, 0.991896, 0.991896, 0.993768, 0.991896, 0.991896, 0.991896, 0.991896, 0.991896, 0.991896, 0.991896, 0.991896, 0.991896, 0.991896, 0.991896, 0.991896, 0.993768, 0.991896, 0.991896, 0.991896, 0.991896, 0.991896, 0.991896, 0.991896, 0.991896, 0.991896, 0.991896, 0.991896, 0.991896, 0.995245, 0.991893, 0.991893, 0.991893, 0.995245, 0.991893, 0.991893, 0.991893, 0.991893, 0.991893, 0.991893, 0.991893, 0.991893, 0.995245, 0.991893, 0.991893, 0.991893, 0.991893, 0.991893, 0.991893, 0.991893, 0.995245, 0.991893, 0.991893, 0.991893, 0.991893, 0.991893, 0.991893, 0.991893, 0.991893, 0.991893, 0.991893, 0.991893, 0.991893, 0.995245, 0.991893, 0.991893, 0.991893, 0.991893, 0.991893, 0.991893, 0.991893, 0.991893, 0.991893, 0.991893, 0.991893, 0.991893, 0.995245, 0.991893, 0.991893, 0.991893, 0.991893, 0.991893, 0.991893, 0.991893, 0.995069, 0.998788, 0.996919, 0.996919, 0.996919, 0.996919, 0.996919, 0.996919, 0.996919, 0.996919, 0.996919, 0.996919, 0.996919, 0.996919, 0.998788, 0.996919, 0.996919, 0.996919, 0.996919, 0.996919, 0.996919, 0.996919, 0.998788, 0.996919, 0.996919, 0.996919, 0.996919, 0.996919, 0.998878, 0.998878, 0.998878, 0.996343, 0.998878, 0.998878, 0.998878, 0.998878, 0.996343, 0.998878, 1, 0.999993, 0.999996, 0.999993, 0.999993, 0.999996, 0.999999, 0.999996, 1, 0.999993, 0.999993, 0.999993, 1, 0.999993, 0.999993, 0.99999, 0.999999, 0.999987, 0.999987, 0.999987, 0.999987, 0.999987, 0.999987, 0.999987, 0.999988, 0.999999, 0.999987, 0.999986, 0.999986, 0.999999, 0.999986, 0.999986, 0.999986, 0.999986, 0.999986, 0.999986, 0.999986, 0.999999, 0.999986, 0.999986, 0.999986, 0.999986, 0.999934, 0.999696, 0.999696, 0.999696, 0.999925, 0.999696, 0.999696, 0.999696, 
0.999696, 0.999696, 0.999696, 0.999696, 0.99943, 0.998878, 0.998878, 0.998878, 0.998878, 0.999517, 0.998878, 0.998878, 0.998878, 0.998878, 0.998878, 0.998878, 0.998878, 0.998878, 0.998878, 0.998878, 0.998878, 0.998878, 0.999517, 0.998878, 0.998878, 0.998878, 0.998878, 0.998878, 0.998878, 0.998878, 0.999517, 0.998878, 0.998878, 0.998878, 0.999517, 0.998878, 0.998878, 0.998878, 0.998878, 0.998878, 0.998878, 0.998878, 0.998878, 0.999517, 0.998878, 0.998878, 0.998878, 0.999517, 0.998878, 0.998878, 0.998878, 0.996343, 0.998878, 0.998412, 0.996922, 0.996921, 0.996921, 0.998789, 0.996921, 0.99692, 0.998789, 0.996921, 0.996921, 0.996921, 0.99692, 0.996919, 0.996919, 0.996919, 0.996919, 0.996919, 0.996919, 0.991893, 0.991893, 0.991893, 0.991893, 0.991893, 0.991893, 0.995245, 0.991893, 0.991893, 0.991893, 0.991893, 0.991893, 0.991893, 0.991893, 0.991893, 0.995245, 0.991893, 0.991893, 0.991893, 0.991893, 0.991893, 0.991893, 0.991893, 0.995245, 0.991893, 0.991893, 0.991893, 0.991893, 0.991893, 0.991893, 0.991893, 0.991893, 0.991893, 0.991893, 0.991893, 0.991893, 0.998788, 0.996919, 0.996919, 0.996919, 0.996919, 0.996919, 0.996919, 0.998788, 0.996919, 0.996919, 0.996919, 0.996919, 0.996919, 0.998788, 0.996919, 0.996919, 0.996919, 0.996919, 0.996919, 0.996919, 0.996919, 0.998788, 0.996919, 0.996919, 0.996919, 0.996919, 0.996919, 0.996919, 0.996919, 0.996919, 0.996919, 0.996919, 0.996919, 0.996919, 0.996919, 0.996919, 0.996919, 0.996919, 0.996919, 0.998788, 0.996919, 0.996919, 0.996919, 0.996919, 0.996919, 0.996919, 0.996919, 0.998788, 0.99692, 0.996921, 0.996922, 0.996921, 0.996921, 0.996921, 0.996921, 0.998412, 0.998878, 0.998878, 0.998878, 0.998878, 0.999517, 0.998878, 0.998878, 0.998878, 0.998878, 0.998878, 0.998878, 0.998878, 0.998878, 0.999517, 0.998878, 0.998878, 0.998878, 0.998878, 0.998878, 0.998878, 0.998878, 0.998878, 0.998878, 0.998878, 0.998878, 0.998878, 0.999517, 0.998657, 0.9997, 0.999698, 0.999698, 0.999698, 0.999698, 0.999698, 0.999698, 0.998671, 0.999698, 
1, 1, 1, 1, 1, 1, 1, 1, 1, 1, 1, 1, 1, 1, 1, 1, 1, 1, 1, 1, 1, 1, 1, 1, 1, 1, 1, 1, 1, 1, 1, 1, 1, 1, 1, 1, 1, 1, 1, 1, 1, 1, 0.999999, 0.999986, 0.999986, 0.999986, 0.999999, 0.999986, 0.999986, 0.999986, 0.999986, 0.999986, 0.999986, 0.999986, 0.999934, 0.999698, 0.999701, 0.999698, 0.999698, 0.999926, 0.9997, 0.999698, 0.999698, 0.9997, 0.999698, 0.999698, 0.999698, 0.999698, 0.999698, 0.999698, 0.999698, 0.999698, 0.9997, 0.999698, 0.999698, 0.999698, 0.999926, 0.999698, 0.999698, 0.999698, 0.999925, 0.999698, 0.9997, 0.999696, 0.999925, 0.999696, 0.999696, 0.999696, 0.999696, 0.999696, 0.999696, 0.999696, 0.999696, 0.999925, 0.999698, 0.999698, 0.9997, 0.999926, 0.999698, 0.999698, 0.999698, 0.998671, 0.999698, 0.999435, 0.998895, 0.99889, 0.999521, 0.99889, 0.99889, 0.998884, 0.999521, 0.99889, 0.99889, 0.99889, 0.998884, 0.998878, 0.998878, 0.998878, 0.998878, 0.998878, 0.998878, 0.996921, 0.996922, 0.996921, 0.996921, 0.996921, 0.996922, 0.998789, 0.996921, 0.996922, 0.996924, 0.996921, 0.996921, 0.996922, 0.996921, 0.996921, 0.998789, 0.996921, 0.996921, 0.996921, 0.996921, 0.996921, 0.996922, 0.996921, 0.996921, 0.996921, 0.996922, 0.996921, 0.996921, 0.998789, 0.99692, 0.996921, 0.996921, 0.996921, 0.996921, 0.996922, 0.996921, 0.999517, 0.998878, 0.998878, 0.998878, 0.998878, 0.998878, 0.998878, 0.998878, 0.998878, 0.999517, 0.998878, 0.998878, 0.998878, 0.999517, 0.998878, 0.998878, 0.998878, 0.998878, 0.998878, 0.998878, 0.998878, 0.999517, 0.998878, 0.998878, 0.998878, 0.998878, 0.998878, 0.998878, 0.998878, 0.998878, 0.998878, 0.998878, 0.998878, 0.998878, 0.998878, 0.998878, 0.998878, 0.998878, 0.998878, 0.999517, 0.998878, 0.998878, 0.998878, 
0.998878, 0.998878, 0.998878, 0.998878, 0.999517, 0.998884, 0.99889, 0.998895, 0.99889, 0.99889, 0.99889, 0.99889, 0.999435, 0.999698, 0.999698, 0.999698, 0.999698, 0.999926, 0.999698, 0.999698, 0.999698, 0.999698, 0.999698, 0.999698, 0.999698, 0.9997, 0.999926, 0.999698, 0.999698, 0.999698, 0.999698, 0.999698, 0.999698, 0.999701, 0.999698, 0.999698, 0.999698, 0.999698, 0.999698, 0.999698, 0.999934, 0.999988, 0.999987, 0.999987, 0.999987, 0.999987, 0.999987, 0.999987, 0.999761, 0.999987, 1, 1, 1, 1, 1, 1, 1, 1, 1, 1, 1, 1, 1, 1, 1, 1, 1, 1, 1, 1, 1, 1, 1, 1, 1, 1, 1, 1, 1, 1, 1, 1, 1, 1, 1, 1, 1, 1, 1, 1, 1, 1, 0.999989, 1, 1, 1, 1, 1, 1, 1, 1, 1, 1, 1, 0.999999, 0.999987, 0.999989, 0.999987, 0.999987, 0.999999, 0.999988, 0.999987, 0.999987, 0.999761, 0.999988, 0.999987, 0.999987, 0.999987, 0.999999, 0.999987, 0.999987, 0.999987, 0.999988, 0.999987, 0.999987, 0.999987, 0.999999, 0.999987, 0.999987, 0.999987, 0.999999, 0.999987, 0.999987, 0.999986, 0.999999, 0.999985, 0.999986, 0.999986, 0.999986, 0.999986, 0.999986, 0.999986, 0.999986, 0.999999, 0.999987, 0.999987, 0.999988, 0.999999, 0.999987, 0.999987, 0.999988, 0.999761, 0.999987, 0.999941, 0.999746, 0.99973, 0.999934, 0.99973, 0.99973, 0.999714, 0.999934, 0.99973, 0.99973, 0.99973, 0.999715, 0.999698, 0.999698, 0.999698, 0.999697, 0.999698, 0.999698, 0.99889, 0.998895, 0.99889, 0.99889, 0.99889, 0.998895, 0.99889, 0.99889, 0.998895, 0.998901, 0.99889, 0.999521, 0.998895, 0.99889, 0.99889, 0.999521, 0.99889, 0.99889, 0.99889, 0.99889, 0.99889, 0.998895, 0.99889, 0.99889, 0.99889, 0.998895, 0.99889, 0.99889, 0.999521, 
0.998884, 0.99889, 0.99889, 0.99889, 0.99889, 0.998895, 0.99889, 0.999926, 0.999698, 0.9997, 0.999698, 0.999698, 0.999698, 0.999698, 0.999698, 0.999698, 0.999926, 0.999697, 0.999698, 0.999698, 0.999926, 0.999698, 0.999697, 0.999698, 0.999697, 0.999696, 0.999696, 0.999696, 0.999925, 0.999696, 0.999701, 0.999698, 0.999698, 0.9997, 0.9997, 0.999698, 0.999698, 0.9997, 0.999698, 0.999698, 0.999698, 0.999698, 0.999698, 0.999698, 0.999698, 0.999698, 0.999926, 0.999698, 0.999698, 0.9997, 0.9997, 0.999698, 0.999698, 0.9997, 0.999698, 0.999715, 0.99973, 0.999746, 0.99973, 0.999934, 0.99973, 0.99973, 0.999941, 0.999987, 0.999987, 0.999987, 0.999987, 0.999999, 0.999987, 0.999987, 0.999987, 0.999987, 0.999987, 0.999987, 0.999987, 0.999988, 0.999999, 0.999987, 0.999987, 0.999987, 0.999987, 0.999987, 0.999987, 0.999989, 0.999987, 0.999987, 0.999987, 0.999987, 0.999987, 0.999987, 1, 1, 1, 1, 0.999989, 1, 1, 1, 1, 0.999989, 1, 1, 1, 1, 1, 1, 1, 1, 1, 1, 1, 1, 1, 1, 1, 1, 1, 1, 1, 1, 1, 1, 1, 1, 1, 1, 1, 1, 1, 1, 1, 1, 1, 1, 1, 1, 1, 1, 1, 1, 1, 1, 1, 1, 1, 1, 1, 1, 1, 1, 1, 1, 1, 1, 1, 1, 1, 1, 1, 1, 1, 1, 1, 0.999989, 1, 1, 1, 1, 1, 1, 1, 1, 1, 1, 1, 1, 1, 1, 1, 1, 1, 1, 1, 1, 1, 1, 1, 1, 1, 1, 1, 1, 1, 1, 1, 1, 1, 1, 1, 1, 
1, 0.999989, 1, 1, 0.999995, 0.999993, 1, 0.999993, 0.999993, 0.99999, 1, 0.999993, 0.999993, 0.999993, 0.99999, 0.999987, 0.999987, 0.999987, 0.999987, 0.999987, 0.999987, 0.99973, 0.99973, 0.99973, 0.99973, 0.99973, 0.999746, 0.99973, 0.99973, 0.999746, 0.999761, 0.99973, 0.999934, 0.999746, 0.99973, 0.99973, 0.999934, 0.99973, 0.99973, 0.99973, 0.99973, 0.99973, 0.999746, 0.99973, 0.99973, 0.99973, 0.99973, 0.99973, 0.99973, 0.999934, 0.99973, 0.99973, 0.99973, 0.99973, 0.99973, 0.999746, 0.999985, 0.999999, 0.999987, 0.999988, 0.999987, 0.999987, 0.999987, 0.999987, 0.999987, 0.999987, 0.999999, 0.999986, 0.999987, 0.999987, 0.999999, 0.999987, 0.999986, 0.999987, 0.999986, 0.999986, 0.999986, 0.999986, 0.999986, 0.999986, 0.999989, 0.999987, 0.999987, 0.999999, 0.999988, 0.999987, 0.999987, 0.999988, 0.999987, 0.999987, 0.999987, 0.999987, 0.999987, 0.999987, 0.999987, 0.999987, 0.999988, 0.999987, 0.999987, 0.999987, 0.999999, 0.999987, 0.999987, 0.999988, 0.999988, 0.99999, 0.999993, 0.999993, 0.999993, 1, 0.999993, 0.999993, 0.999999, 1, 1, 1, 1, 1, 1, 1, 1, 1, 1, 1, 1, 1, 1, 1, 1, 1, 1, 1, 1, 1, 1, 1, 1, 1, 1, 1, 1, 1, 1, 1, 1, 1, 1, 1, 1, 1, 1, 1, 1, 1, 1, 1, 1, 1, 1, 1, 1, 1, 1, 1, 1, 1, 1, 1, 1, 1, 1, 1, 1, 1, 1, 1, 1, 1, 1, 1, 1, 1, 1, 1, 1, 1, 1, 1, 1, 1, 1, 1, 1, 1, 1, 1, 1, 1, 1, 1, 
1, 1, 1, 1, 1, 1, 1, 1, 1, 1, 1, 1, 1, 1, 1, 1, 1, 1, 1, 1, 1, 1, 1, 1, 1, 1, 1, 1, 1, 1, 1, 1, 1, 1, 1, 1, 1, 1, 1, 1, 1, 1, 1, 1, 1, 1, 1, 1, 1, 1, 1, 1, 1, 1, 1, 1, 1, 1, 1, 1, 1, 1, 1, 1, 1, 1, 1, 1, 1, 1, 1, 0.999993, 0.999993, 0.999993, 0.999993, 0.999993, 0.999995, 0.999993, 0.999993, 0.999995, 0.999996, 0.999993, 1, 0.999995, 0.999993, 0.999993, 1, 0.999993, 0.999993, 0.999993, 0.999993, 0.999993, 0.999995, 0.999993, 0.999993, 0.999993, 0.999993, 0.999993, 0.999993, 0.999993, 0.999993, 0.999993, 0.999993, 1, 0.999993, 0.999995, 0.999999, 1, 1, 1, 1, 1, 1, 1, 1, 1, 1, 1, 1, 1, 1, 1, 1, 1, 1, 1, 1, 1, 1, 1, 1, 1, 1, 1, 1, 1, 1, 1, 1, 1, 1, 1, 1, 1, 1, 1, 1, 1, 1, 1, 1, 1, 1, 1, 1, 1, 1, 1, 1, 1, 1, 1, 0.999997, 1, 1, 1, 1, 1, 1, 1, 1, 1, 1, 1, 1, 1, 1, 1, 1, 1, 1, 1, 1, 1, 1, 1, 1, 1, 1, 1, 1, 1, 1, 1, 1, 1, 1, 1, 1, 1, 
1, 1, 1, 1, 1, 1, 1, 1, 1, 1, 1, 1, 1, 1, 1, 1, 1, 1, 1, 1, 1, 1, 1, 1, 1, 1, 1, 1, 1, 1, 1, 1, 1, 1, 1, 1, 1, 1, 1, 1, 1, 1, 1, 1, 1, 1, 1, 1, 1, 1, 1, 1, 1, 1, 1, 1, 1, 1, 1, 1, 1, 1, 1, 1, 1, 1, 1, 1, 1, 1, 1, 1, 1, 1, 1, 1, 1, 1, 1, 1, 1, 1, 1, 1, 1, 1, 1, 1, 1, 1, 1, 1, 1, 1, 1, 1, 1, 1, 1, 1, 1, 1, 1, 1, 1, 1, 1, 1, 1, 1, 1, 1, 1, 1, 1, 1, 1, 1, 1, 1, 1, 1, 1, 1, 1, 1, 1, 1, 1, 1, 1, 1, 1, 1, 1, 1, 1, 1, 1, 1, 1, 1, 1, 1, 1, 1, 1, 1, 1, 1, 1, 1, 1, 1, 1, 1, 1, 1, 1, 1, 1, 1, 1, 1, 1, 1, 1, 1, 1, 1, 1, 1, 1, 1, 1, 1, 1, 1, 1, 1, 1, 1, 1, 1, 1, 1, 1, 1, 1, 1, 1, 1, 1, 1, 1, 1, 1, 1, 1, 1, 
1, 1, 1, 1, 1, 1, 1, 1, 1, 1, 1, 1, 1, 1, 1, 1, 1, 1, 1, 1, 1, 1, 1, 1, 1, 1, 1, 1, 1, 1, 1, 1, 1, 1, 1, 1, 1, 1, 1, 1, 1, 1, 1, 1, 1, 1, 1, 1, 1, 0.997916, 1, 1, 1, 1, 1, 1, 1, 1, 1, 1, 1, 1, 1, 1, 1, 0.999999, 1, 0.999999, 0.999999, 0.999999, 1, 0.999999, 0.999999, 0.999999, 0.999999, 1, 0.999999, 0.999997, 0.999996, 1, 0.999993, 0.999996, 0.999993, 1, 0.999993, 0.999996, 0.999993, 1, 0.999993, 0.999993, 0.999993, 0.999993, 0.999999, 1, 1, 1, 1, 1, 1, 1, 1, 1, 1, 1, 1, 1, 1, 1, 1, 1, 1, 1, 1, 1, 1, 1, 1, 1, 1, 1, 1, 1, 1, 1, 1, 1, 1, 1, 1, 1, 1, 1, 1, 1, 1, 1, 1, 1, 1, 1, 1, 1, 1, 1, 1, 1, 1, 1, 1, 1, 1, 1, 1, 1, 1, 1, 1, 1, 1, 1, 1, 1, 1, 1, 1, 1, 1, 1, 1, 1, 1, 1, 1, 1, 1, 1, 1, 1, 1, 1, 1, 1, 1, 1, 1, 1, 1, 1, 1, 1, 1, 1, 1, 1, 1, 1, 1, 1, 1, 1, 
1, 1, 1, 1, 1, 1, 1, 1, 1, 1, 1, 1, 1, 1, 1, 1, 1, 1, 1, 1, 1, 1, 1, 1, 1, 1, 1, 1, 1, 1, 1, 1, 1, 1, 1, 1, 1, 1, 1, 1, 1, 1, 1, 1, 1, 1, 1, 1, 1, 1, 1, 1, 1, 1, 1, 1, 1, 1, 1, 1, 1, 1, 1, 1, 1, 1, 1, 1, 1, 1, 1, 1, 1, 1, 1, 1, 1, 1, 1, 1, 1, 1, 1, 1, 1, 1, 1, 1, 1, 1, 1, 1, 1, 1, 0.999991, 1, 1, 1, 1, 0.999991, 1, 1, 1, 1, 1, 1, 1, 1, 1, 1, 1, 1, 1, 1, 1, 1, 1, 0.999999, 0.999999, 0.999999, 0.999999, 0.999999, 0.999999, 1, 0.999999, 1, 0.999999, 0.99987, 0.999989, 0.999989, 0.999962, 0.999989, 0.999962, 0.999989, 0.999962, 0.999989, 0.999962, 0.999989, 0.999962, 0.999962, 0.999962, 0.999962, 0.999984, 0.999993, 0.999993, 0.999993, 0.999993, 0.999993, 0.999996, 0.999993, 0.999993, 0.999993, 0.999995, 0.999993, 0.999999, 1, 1, 1, 1, 1, 1, 1, 1, 1, 1, 1, 1, 1, 1, 1, 1, 1, 1, 1, 1, 1, 1, 1, 1, 1, 1, 1, 1, 1, 1, 1, 1, 1, 1, 1, 1, 1, 1, 1, 1, 1, 1, 1, 1, 1, 
1, 0.999991, 1, 1, 1, 1, 1, 1, 1, 1, 1, 1, 1, 1, 1, 1, 1, 1, 1, 1, 1, 1, 1, 1, 1, 1, 1, 1, 1, 1, 1, 1, 1, 1, 1, 1, 1, 1, 1, 1, 1, 1, 1, 1, 1, 1, 1, 1, 1, 1, 1, 1, 1, 1, 1, 1, 1, 1, 1, 1, 1, 1, 1, 1, 1, 1, 1, 1, 1, 1, 1, 1, 1, 1, 1, 1, 1, 1, 1, 1, 1, 1, 1, 1, 1, 1, 1, 1, 1, 1, 1, 1, 1, 1, 1, 1, 1, 1, 1, 1, 1, 1, 1, 1, 1, 1, 1, 1, 1, 1, 1, 1, 1, 1, 1, 1, 1, 1, 1, 1, 1, 1, 1, 1, 1, 1, 1, 1, 1, 1, 1, 1, 1, 1, 1, 0.999991, 1, 1, 1, 1, 0.999993, 0.999999, 0.999999, 0.999999, 0.999974, 0.999999, 0.999999, 0.999999, 0.999999, 0.999974, 1, 1, 1, 1, 1, 1, 1, 1, 1, 1, 1, 1, 1, 1, 1, 1, 1, 1, 1, 1, 1, 1, 1, 1, 1, 1, 1, 0.999993, 0.999993, 0.999996, 0.999993, 1, 0.999993, 0.999996, 0.999993, 1, 0.999993, 0.999996, 0.999993, 0.999993, 0.999993, 0.999993, 0.999984, 0.999962, 0.999962, 0.999962, 0.999962, 0.999962, 0.999989, 0.999962, 
0.999962, 0.999962, 0.999975, 0.999962, 0.999992, 0.999999, 1, 0.999999, 0.999999, 0.999999, 1, 0.999999, 0.999999, 0.999999, 1, 0.999999, 0.999999, 0.999999, 0.999999, 0.999999, 0.999999, 0.999999, 1, 0.999999, 0.999999, 0.999999, 1, 0.999999, 0.999999, 0.999999, 1, 0.999999, 0.999999, 0.999997, 1, 0.999989, 0.999993, 0.999993, 1, 0.999997, 0.999993, 0.999993, 1, 0.999998, 0.999999, 0.999999, 1, 0.999999, 0.999999, 0.999999, 0.999999, 0.999974, 0.999999, 1, 1, 1, 1, 1, 1, 1, 1, 1, 1, 1, 1, 1, 1, 1, 1, 1, 1, 1, 1, 1, 1, 1, 1, 1, 1, 1, 1, 1, 1, 1, 1, 1, 1, 1, 1, 1, 1, 1, 1, 1, 1, 1, 1, 1, 1, 1, 1, 1, 1, 1, 1, 1, 1, 1, 1, 1, 1, 1, 1, 1, 1, 1, 1, 1, 1, 1, 1, 1, 1, 1, 1, 1, 1, 1, 1, 1, 1, 1, 1, 1, 1, 1, 1, 1, 1, 1, 1, 1, 1, 1, 1, 1, 1, 1, 1, 1, 1, 1, 1, 1, 1, 1, 1, 1, 1, 1, 1, 1, 1, 0.999999, 0.999999, 0.999999, 0.999999, 0.999999, 1, 0.999999, 0.999999, 1, 0.999999, 0.999999, 0.999999, 0.999999, 1, 0.999999, 0.999999, 1, 0.999999, 0.999999, 0.999999, 1, 0.999999, 0.999999, 0.999999, 1, 0.999999, 0.999999, 0.999962, 0.999974, 1, 0.999999, 0.999995, 0.999999, 0.999999, 0.999999, 0.999999, 0.999995, 
1, 1, 1, 1, 1, 1, 1, 1, 1, 1, 1, 1, 1, 1, 1, 1, 1, 1, 1, 1, 1, 1, 1, 1, 1, 1, 1, 1, 1, 1, 1, 1, 1, 1, 1, 1, 1, 1, 1, 1, 1, 1, 0.999999, 0.999993, 0.999993, 0.999993, 0.999993, 0.999993, 1, 0.999993, 0.999993, 0.999993, 0.999998, 0.999993, 0.999997, 0.999999, 1, 0.999999, 0.999999, 0.999999, 1, 0.999999, 0.999999, 0.999999, 1, 0.999999, 0.999999, 0.999999, 0.999999, 0.999999, 0.999999, 0.999999, 1, 0.999999, 0.999999, 0.999999, 1, 0.999999, 0.999999, 0.999999, 0.999992, 0.999999, 0.999999, 0.999992, 0.999997, 0.99987, 0.999962, 0.999962, 0.999989, 0.999997, 0.999962, 0.999962, 0.999997, 0.999998, 0.999999, 0.999999, 1, 0.999999, 0.999999, 0.999999, 0.999999, 0.999983, 1, 1, 1, 1, 1, 1, 1, 1, 1, 1, 1, 1, 1, 0.999999, 0.999999, 0.999999, 0.999999, 0.999999, 0.999999, 1, 1, 1, 1, 1, 1, 1, 1, 1, 1, 1, 1, 1, 1, 1, 1, 1, 1, 1, 1, 1, 1, 1, 1, 1, 1, 1, 1, 1, 1, 1, 1, 1, 1, 1, 1, 0.999999, 1, 0.999999, 0.999999, 0.999999, 1, 1, 0.999999, 0.999999, 0.999999, 0.999995, 0.999999, 0.999999, 1, 0.999999, 0.999995, 1, 0.999999, 0.999996, 0.999996, 0.999993, 0.999993, 0.999993, 1, 0.999999, 0.999999, 1, 1, 0.999999, 0.999999, 0.999999, 1, 0.999999, 0.999999, 0.999999, 1, 0.999999, 0.999999, 0.999999, 1, 0.999999, 0.999999, 0.999999, 
1, 0.999999, 0.999999, 0.999999, 1, 1, 1, 1, 1, 1, 1, 1, 1, 0.999999, 0.999999, 0.999999, 0.999999, 0.999999, 1, 0.999999, 0.999999, 0.999999, 0.999999, 0.999999, 0.999999, 1, 1, 0.999999, 0.999999, 0.999999, 0.999999, 0.999999, 0.999999, 1, 1, 0.999999, 0.999999, 0.999999, 0.999999, 0.999999, 0.999989, 0.999999, 1, 1, 1, 1, 1, 1, 1, 1, 1, 1, 1, 1, 1, 1, 1, 1, 1, 1, 1, 1, 1, 1, 1, 1, 1, 1, 1, 1, 1, 1, 1, 1, 1, 1, 1, 1, 1, 1, 1, 1, 1, 1, 1, 1, 1, 1, 1, 1, 1, 1, 1, 1, 1, 1, 1, 1, 1, 1, 1, 1, 1, 1, 1, 1, 1, 1, 1, 1, 1, 1, 1, 1, 1, 1, 1, 1, 1, 1, 1, 1, 1, 1, 1, 1, 1, 1, 1, 1, 0.999994, 1, 1, 0.999999, 1, 0.99988, 0.999993, 0.999993, 0.999996, 1, 0.999993, 0.999993, 1, 1, 1, 1, 1, 1, 1, 1, 1, 1, 1, 1, 1, 1, 1, 1, 1, 1, 1, 1, 1, 1, 1, 0.999999, 0.999999, 0.999999, 0.999999, 0.999999, 0.999999, 1, 1, 0.999999, 1, 1, 1, 1, 1, 1, 1, 1, 1, 1, 1, 1, 1, 1, 1, 1, 1, 1, 1, 1, 1, 1, 1, 1, 1, 1, 
1, 1, 1, 1, 1, 1, 1, 0.999999, 1, 0.999999, 0.999999, 0.999999, 1, 1, 0.999999, 0.999999, 0.999999, 0.999974, 0.999999, 0.999999, 1, 0.999999, 0.999999, 0.999999, 0.999989, 0.999962, 0.999989, 0.999962, 0.999962, 0.999962, 1, 0.999999, 0.999999, 1, 1, 0.999999, 0.999999, 0.999995, 1, 0.999999, 0.999999, 0.999999, 1, 0.999999, 0.999999, 0.999999, 1, 0.999999, 0.999999, 0.999999, 1, 0.999999, 0.999999, 0.999999, 1, 1, 1, 1, 1, 1, 1, 1, 1, 1, 1, 1, 1, 1, 1, 1, 1, 1, 1, 1, 1, 1, 1, 1, 1, 1, 1, 1, 1, 1, 1, 1, 1, 1, 1, 1, 1, 1, 1, 1, 1, 1, 1, 1, 1, 1, 1, 1, 1, 1, 1, 1, 1, 1, 1, 1, 1, 1, 1, 1, 1, 1, 1, 1, 1, 1, 1, 1, 1, 1, 1, 1, 1, 1, 1, 1, 1, 1, 1, 1, 1, 1, 1, 1, 1, 1, 1, 1, 1, 1, 1, 1, 1, 1, 1, 1, 1, 1, 1, 1, 1, 1, 1, 1, 1, 1, 1, 1, 1, 1, 1, 1, 1, 1, 1, 1, 1, 1, 1, 1, 1, 1, 1, 1, 1, 1, 1, 1, 1, 1, 1, 1, 1, 1, 1, 1, 1, 1, 1, 1, 1, 1, 1, 1, 1, 1, 
1, 1, 1, 1, 1, 1, 1, 1, 1, 1, 1, 1, 1, 1, 1, 1, 1, 1, 1, 1, 1, 1, 1, 1, 1, 1, 1, 1, 1, 1, 1, 1, 1, 1, 1, 1, 1, 1, 1, 1, 1, 1, 1, 1, 1, 1, 1, 1, 1, 1, 1, 1, 1, 1, 1, 1, 1, 1, 1, 1, 1, 1, 1, 1, 1, 1, 1, 0.999991, 1, 1, 1, 1, 1, 1, 0.999996, 0.999993, 1, 0.999993, 0.999993, 0.999993, 1, 1, 1, 1, 1, 1, 1, 1, 1, 1, 1, 1, 1, 1, 1, 1, 1, 1, 1, 1, 1, 1, 1, 1, 1, 1, 1, 1, 1, 1, 1, 1, 1, 1, 1, 1, 1, 1, 1, 1, 1, 1, 1, 1, 1, 1, 1, 1, 1, 1, 1, 1, 1, 1, 1, 1, 1, 1, 1, 1, 1, 1, 1, 1, 1, 1, 1, 1, 1, 1, 0.999993, 0.999993, 1, 0.999993, 0.999993, 0.999977, 0.999963, 0.999967, 0.999993, 0.999995, 0.999993, 0.999993, 0.999995, 0.999995, 0.999993, 0.999999, 1, 1, 1, 1, 1, 1, 1, 1, 1, 1, 1, 1, 1, 1, 1, 1, 1, 1, 1, 1, 1, 1, 1, 1, 1, 1, 1, 1, 1, 1, 1, 1, 1, 1, 
1, 1, 1, 1, 1, 1, 1, 1, 1, 1, 1, 1, 1, 1, 1, 1, 1, 1, 1, 1, 1, 1, 1, 1, 1, 1, 1, 1, 1, 1, 1, 1, 1, 1, 1, 1, 1, 1, 1, 1, 1, 1, 1, 1, 1, 1, 1, 1, 1, 1, 1, 1, 1, 1, 1, 1, 1, 1, 1, 1, 1, 1, 1, 1, 1, 1, 1, 1, 1, 1, 1, 1, 1, 1, 1, 1, 1, 1, 1, 1, 1, 1, 1, 1, 1, 1, 1, 1, 1, 1, 1, 1, 1, 1, 1, 1, 1, 1, 1, 1, 1, 1, 1, 1, 1, 1, 1, 1, 1, 1, 1, 1, 1, 1, 1, 1, 1, 1, 1, 1, 1, 1, 1, 1, 1, 1, 1, 1, 1, 1, 1, 1, 1, 1, 1, 1, 1, 1, 1, 1, 1, 1, 1, 1, 1, 1, 1, 1, 1, 1, 1, 1, 1, 1, 1, 1, 1, 1, 1, 1, 1, 1, 1, 1, 1, 1, 1, 1, 1, 1, 1, 1, 1, 1, 1, 1, 1, 1, 1, 1, 1, 1, 1, 1, 1, 1, 1, 1, 1, 1, 1, 1, 1, 1, 1, 1, 1, 1, 1, 1, 
0.99973, 0.99973, 0.999934, 0.99973, 0.99973, 0.999525, 0.999572, 0.999495, 0.99973, 0.999746, 0.99973, 0.99973, 0.999746, 0.999746, 0.99973, 0.999941, 0.999988, 0.999987, 0.999987, 0.999987, 0.999987, 0.999987, 0.999987, 0.999999, 0.999987, 0.999988, 0.999987, 1, 1, 1, 1, 1, 1, 1, 1, 1, 1, 1, 1, 1, 1, 1, 1, 1, 1, 1, 1, 1, 1, 1, 1, 1, 1, 1, 1, 1, 1, 1, 1, 1, 1, 1, 1, 1, 1, 1, 1, 1, 1, 1, 1, 1, 1, 1, 1, 1, 1, 1, 1, 1, 1, 1, 1, 1, 1, 1, 1, 1, 1, 1, 1, 1, 1, 1, 1, 1, 1, 1, 1, 1, 1, 1, 1, 1, 1, 1, 1, 1, 1, 1, 1, 1, 1, 1, 1, 1, 1, 1, 1, 1, 1, 1, 1, 1, 1, 1, 1, 1, 1, 1, 1, 1, 1, 1, 1, 1, 1, 1, 1, 1, 1, 1, 1, 1, 1, 1, 1, 1, 1, 1, 1, 1, 1, 1, 1, 1, 1, 1, 1, 1, 1, 1, 1, 1, 1, 1, 1, 1, 1, 1, 1, 1, 1, 1, 1, 1, 1, 1, 1, 1, 1, 1, 1, 1, 1, 1, 1, 1, 1, 1, 1, 1, 1, 1, 1, 1, 1, 1, 1, 1, 
1, 1, 1, 1, 1, 1, 1, 1, 1, 1, 1, 1, 1, 1, 1, 1, 1, 1, 1, 1, 1, 1, 1, 1, 1, 1, 1, 1, 1, 1, 1, 1, 1, 1, 1, 1, 1, 1, 1, 1, 1, 1, 1, 1, 1, 1, 1, 1, 1, 1, 0.99889, 0.99889, 0.999521, 0.99889, 0.99889, 0.998442, 0.998806, 0.998432, 0.99889, 0.998895, 0.99889, 0.99889, 0.999524, 0.998895, 0.99889, 0.998671, 0.9997, 0.999926, 0.999698, 0.999698, 0.999698, 0.999698, 0.999698, 0.999698, 0.999698, 0.9997, 0.999698, 0.999999, 0.999986, 0.999986, 0.999986, 0.999986, 0.999986, 0.999986, 0.999986, 0.999999, 0.999986, 0.999986, 0.999986, 0.999986, 0.999999, 0.999986, 0.999979, 1, 1, 1, 1, 1, 1, 1, 1, 1, 1, 1, 1, 1, 1, 1, 1, 1, 1, 1, 1, 1, 1, 1, 1, 1, 1, 1, 1, 1, 1, 1, 1, 1, 1, 1, 1, 1, 0.999992, 1, 1, 1, 1, 1, 1, 1, 1, 1, 1, 1, 1, 1, 1, 1, 1, 1, 1, 1, 1, 1, 1, 1, 1, 1, 1, 1, 1, 1, 1, 1, 1, 1, 1, 1, 1, 1, 1, 1, 1, 1, 1, 1, 1, 1, 1, 1, 1, 1, 1, 1, 1, 1, 1, 1, 1, 1, 1, 1, 1, 1, 1, 1, 1, 1, 1, 1, 1, 1, 
1, 1, 1, 1, 1, 1, 1, 1, 1, 1, 1, 1, 1, 1, 1, 1, 1, 1, 1, 1, 1, 1, 1, 1, 1, 1, 1, 1, 1, 1, 1, 1, 1, 1, 1, 1, 1, 1, 1, 1, 1, 1, 1, 1, 1, 1, 1, 1, 1, 1, 1, 1, 1, 1, 1, 1, 1, 1, 1, 1, 1, 1, 1, 1, 1, 1, 1, 1, 1, 1, 1, 1, 1, 1, 1, 1, 1, 1, 1, 1, 1, 1, 1, 1, 1, 1, 1, 1, 1, 1, 1, 0.999987, 0.999987, 0.999987, 0.999987, 0.999986, 0.999999, 0.999987, 0.999987, 0.999987, 0.996921, 0.996921, 0.998789, 0.996921, 0.996921, 0.995075, 0.995248, 0.995073, 0.996921, 0.996922, 0.998789, 0.996921, 0.996921, 0.996922, 0.996921, 0.998878, 0.998878, 0.998878, 0.998878, 0.998878, 0.998878, 0.998878, 0.998878, 0.999517, 0.998878, 0.998878, 0.996343, 0.999925, 0.999696, 0.999696, 0.999696, 0.999696, 0.999696, 0.999696, 0.999696, 0.999925, 0.999696, 0.999696, 0.999696, 0.999925, 0.999696, 0.999696, 0.999986, 0.999986, 0.999986, 0.999986, 0.999986, 0.999986, 0.999999, 0.999986, 0.999985, 0.999986, 0.999999, 0.999986, 0.999986, 0.999987, 0.999999, 0.999987, 0.999987, 0.999987, 0.999999, 0.999987, 0.999987, 0.999987, 0.999999, 0.999987, 0.999987, 0.999987, 0.999987, 0.999987, 0.999987, 0.999987, 0.999999, 0.999987, 0.999987, 0.999987, 1, 0.999987, 0.999987, 0.999987, 0.999775, 0.999987, 0.999987, 0.999999, 1, 1, 1, 1, 1, 1, 1, 1, 1, 1, 0.999987, 0.999987, 0.999988, 0.999999, 0.999987, 0.999987, 
0.999987, 0.999999, 0.999987, 0.999993, 0.999993, 1, 0.999993, 0.999993, 0.999993, 0.999993, 0.999995, 0.999993, 0.999993, 0.999993, 1, 1, 1, 1, 1, 1, 1, 1, 1, 1, 1, 1, 1, 1, 1, 1, 1, 1, 1, 1, 1, 1, 1, 1, 1, 1, 1, 1, 1, 1, 1, 1, 1, 1, 1, 1, 1, 1, 1, 1, 1, 1, 1, 1, 1, 1, 1, 1, 1, 1, 1, 1, 1, 0.999989, 1, 1, 1, 1, 1, 1, 1, 1, 1, 1, 1, 1, 1, 1, 1, 1, 1, 1, 1, 1, 1, 1, 1, 1, 1, 1, 1, 1, 1, 1, 1, 1, 1, 1, 1, 1, 1, 1, 0.999993, 0.999993, 0.999993, 0.999993, 0.999993, 0.999993, 0.999993, 0.999999, 0.999987, 0.999987, 0.999987, 0.999987, 0.999988, 0.999987, 0.999987, 0.999999, 0.999988, 0.999987, 0.999987, 0.999987, 0.999987, 0.999987, 0.999987, 0.999987, 0.999999, 0.999988, 0.999987, 0.999987, 0.999999, 0.999986, 0.999987, 0.999987, 0.999999, 0.999987, 0.999986, 0.999698, 0.999698, 0.999698, 0.999698, 0.999697, 0.999698, 0.999698, 0.999698, 0.999698, 0.991893, 0.991893, 0.991893, 0.991893, 0.991893, 0.992237, 0.993768, 0.992237, 0.991893, 0.991893, 0.995245, 0.991893, 0.991893, 0.991893, 0.991893, 0.996919, 0.996919, 0.996919, 0.996919, 0.996919, 0.996919, 0.996919, 0.996919, 0.998788, 0.996919, 0.996919, 0.998411, 0.998878, 0.998878, 0.998878, 0.998878, 0.999517, 0.998878, 0.998878, 0.998878, 0.998878, 0.998878, 0.998878, 0.998878, 0.999517, 0.998878, 0.998878, 0.999696, 0.999696, 0.999696, 0.999696, 0.999696, 0.999696, 0.999925, 0.999696, 
0.999696, 0.999696, 0.999933, 0.999696, 0.999697, 0.999698, 0.999926, 0.999698, 0.999698, 0.999698, 0.999926, 0.999698, 0.999698, 0.999698, 0.999926, 0.999698, 0.999698, 0.999698, 0.999698, 0.999698, 0.999698, 0.999698, 0.999926, 0.999698, 0.999698, 0.999698, 0.999926, 0.9997, 0.999698, 0.999698, 0.9997, 0.999698, 0.999698, 0.999934, 0.999986, 0.999999, 0.999986, 0.999986, 0.999986, 0.999999, 0.999986, 0.999986, 0.999986, 0.999999, 0.999698, 0.999698, 0.9997, 0.999926, 0.999698, 0.999698, 0.999698, 0.999925, 0.999698, 0.99973, 0.99973, 0.999934, 0.99973, 0.99973, 0.99973, 0.99973, 0.999746, 0.99973, 0.99973, 0.99973, 0.999944, 0.999987, 0.999987, 0.999987, 0.999986, 0.999987, 0.999987, 0.99999, 0.999993, 0.99999, 0.999993, 0.999993, 1, 0.999993, 0.999993, 0.999993, 1, 0.999993, 0.999995, 0.999993, 1, 0.999993, 0.999995, 0.999993, 0.999993, 0.999993, 0.999993, 0.999993, 1, 0.999993, 0.999993, 0.999993, 0.999993, 0.999993, 0.999993, 0.999993, 0.999993, 1, 0.999993, 0.999993, 0.999993, 0.999993, 0.999993, 0.999987, 0.999988, 0.999999, 0.999987, 0.999987, 0.999988, 0.999987, 0.999987, 0.999987, 0.999988, 0.999987, 0.999987, 0.999987, 0.999988, 0.999987, 0.999987, 0.999987, 1, 1, 1, 1, 1, 1, 0.999999, 0.999987, 0.999987, 0.999988, 0.999999, 0.999987, 0.999987, 0.999986, 0.999999, 0.999987, 0.999987, 0.999987, 0.999987, 0.999987, 0.999987, 0.999987, 0.999999, 0.999987, 0.999987, 0.999987, 0.999999, 0.999987, 0.999987, 0.999987, 0.999999, 0.999941, 0.99973, 0.99973, 0.99973, 0.99973, 0.999746, 0.99973, 0.99973, 0.999926, 0.999698, 0.999698, 0.999698, 0.999698, 0.9997, 0.999698, 0.999698, 0.999926, 0.9997, 0.999698, 0.999698, 0.999698, 0.999698, 0.999698, 0.999698, 0.999698, 0.999926, 0.999698, 0.999698, 0.999698, 0.999926, 0.999698, 0.999698, 0.999698, 0.999926, 0.999698, 0.999697, 0.998878, 0.998878, 0.998878, 0.998878, 0.998878, 0.998878, 0.998878, 0.998878, 0.998878, 
0.991896, 0.991896, 0.991896, 0.991896, 0.991896, 0.992854, 0.993995, 0.992854, 0.991896, 0.991896, 0.993768, 0.991896, 0.991896, 0.991896, 0.991896, 0.991893, 0.991893, 0.991893, 0.991893, 0.991893, 0.991893, 0.991893, 0.991893, 0.995245, 0.991893, 0.991893, 0.995069, 0.996919, 0.996919, 0.996919, 0.996919, 0.998788, 0.996919, 0.996919, 0.996919, 0.996919, 0.996919, 0.996919, 0.996919, 0.998788, 0.996919, 0.996919, 0.998878, 0.998878, 0.998878, 0.998878, 0.998878, 0.998878, 0.999517, 0.998878, 0.998878, 0.998878, 0.99943, 0.998878, 0.998878, 0.998878, 0.999517, 0.998878, 0.998878, 0.998878, 0.999517, 0.998878, 0.998878, 0.998878, 0.999517, 0.998878, 0.998878, 0.998878, 0.998878, 0.998878, 0.998878, 0.998878, 0.999517, 0.998878, 0.998878, 0.998878, 0.999517, 0.998878, 0.998878, 0.998878, 0.998878, 0.998878, 0.998878, 0.99943, 0.999696, 0.999925, 0.999696, 0.999696, 0.999696, 0.999925, 0.999696, 0.999696, 0.999696, 0.999925, 0.998878, 0.998878, 0.998878, 0.999517, 0.998878, 0.998878, 0.998878, 0.999517, 0.998878, 0.99889, 0.99889, 0.999521, 0.99889, 0.99889, 0.99889, 0.99889, 0.998895, 0.99889, 0.99889, 0.99889, 0.999438, 0.999698, 0.999698, 0.999698, 0.999697, 0.999698, 0.999698, 0.999715, 0.99973, 0.999714, 0.99973, 0.99973, 0.999934, 0.99973, 0.99973, 0.99973, 0.999984, 0.99973, 0.999746, 0.99973, 0.999934, 0.99973, 0.999746, 0.99973, 0.99973, 0.99973, 0.99973, 0.99973, 0.999934, 0.99973, 0.99973, 0.99973, 0.99973, 0.99973, 0.99973, 0.99973, 0.99973, 0.999934, 0.99973, 0.99973, 0.99973, 0.99973, 0.99973, 0.999698, 0.9997, 0.999926, 0.999698, 0.999698, 0.9997, 0.999698, 0.999698, 0.999698, 0.9997, 0.999698, 0.999698, 0.999698, 0.9997, 0.999698, 0.999698, 0.999698, 0.999986, 0.999986, 0.999999, 0.999999, 0.999986, 0.999934, 0.999926, 0.999698, 0.999698, 0.9997, 0.999926, 0.999698, 0.999698, 0.999697, 0.999926, 0.999698, 0.999698, 0.999698, 0.999698, 0.999698, 0.999698, 0.999698, 0.999926, 0.999698, 0.999698, 0.999698, 
0.999926, 0.999698, 0.999698, 0.999698, 0.999926, 0.999435, 0.99889, 0.99889, 0.99889, 0.99889, 0.998895, 0.99889, 0.99889, 0.999517, 0.998878, 0.998878, 0.998878, 0.998878, 0.998878, 0.998878, 0.998878, 0.999517, 0.998878, 0.998878, 0.998878, 0.998878, 0.998878, 0.998878, 0.998878, 0.998878, 0.999517, 0.998878, 0.998878, 0.998878, 0.999517, 0.998878, 0.998878, 0.998878, 0.998878, 0.999517, 0.998878, 0.990967, 0.998788, 0.996919, 0.996919, 0.996919, 0.996919, 0.996919, 0.996919, 0.996919, 0.99315, 0.99315, 0.99315, 0.99315, 0.99315, 0.992526, 0.99267, 0.992526, 0.99315, 0.99315, 0.993995, 0.99315, 0.99315, 0.99315, 0.99315, 0.991896, 0.991896, 0.991896, 0.991896, 0.991896, 0.991896, 0.991896, 0.991896, 0.993768, 0.991896, 0.991896, 0.992237, 0.995245, 0.991893, 0.991893, 0.991893, 0.991893, 0.991893, 0.991893, 0.991893, 0.995245, 0.991893, 0.991893, 0.991893, 0.991893, 0.991893, 0.991893, 0.996919, 0.996919, 0.996919, 0.996919, 0.996919, 0.996919, 0.998788, 0.996919, 0.996919, 0.996919, 0.998411, 0.996919, 0.996919, 0.996919, 0.998788, 0.996919, 0.996919, 0.996919, 0.998788, 0.996919, 0.996919, 0.996919, 0.998788, 0.996919, 0.996919, 0.996919, 0.996919, 0.996919, 0.996919, 0.996919, 0.998788, 0.996919, 0.996919, 0.996919, 0.998788, 0.996919, 0.996919, 0.996919, 0.996919, 0.996919, 0.996919, 0.998411, 0.998878, 0.999517, 0.998878, 0.998878, 0.998878, 0.999517, 0.998878, 0.998878, 0.998878, 0.999517, 0.996919, 0.996919, 0.996919, 0.998788, 0.996919, 0.996919, 0.996919, 0.998788, 0.996919, 0.996921, 0.996921, 0.996921, 0.996921, 0.996921, 0.996921, 0.998789, 0.996922, 0.996921, 0.996921, 0.996921, 0.998412, 0.998878, 0.998878, 0.998878, 0.998878, 0.998878, 0.998878, 0.998884, 0.99889, 0.998884, 0.99889, 0.99889, 0.999521, 0.99889, 0.99889, 0.99889, 0.999783, 0.99889, 0.998895, 0.99889, 0.99889, 0.99889, 0.998895, 0.99889, 0.999521, 0.99889, 0.99889, 0.99889, 0.999521, 0.99889, 0.99889, 0.99889, 0.99889, 0.99889, 0.99889, 0.99889, 
0.99889, 0.999521, 0.99889, 0.99889, 0.99889, 0.99889, 0.99889, 0.998878, 0.998878, 0.999517, 0.998878, 0.998878, 0.998878, 0.998878, 0.998878, 0.998878, 0.998878, 0.998878, 0.998878, 0.998878, 0.998878, 0.998878, 0.998878, 0.998878, 0.999696, 0.999696, 0.999982, 0.999696, 0.999696, 0.99943, 0.999517, 0.998878, 0.998878, 0.998878, 0.999517, 0.998878, 0.998878, 0.998878, 0.999517, 0.998878, 0.998878, 0.998878, 0.998878, 0.998878, 0.998878, 0.998878, 0.999517, 0.998878, 0.998878, 0.998878, 0.999517, 0.998878, 0.998878, 0.998878, 0.999517, 0.996343, 0.996921, 0.996921, 0.996921, 0.998789, 0.996921, 0.996921, 0.996921, 0.998788, 0.996919, 0.996919, 0.996919, 0.996919, 0.996919, 0.996919, 0.996919, 0.996919, 0.996919, 0.996919, 0.996919, 0.996919, 0.998788, 0.996919, 0.996919, 0.996919, 0.998788, 0.996919, 0.996919, 0.996919, 0.998788, 0.996919, 0.996919, 0.996919, 0.996919, 0.996919, 0.996919, 0.995069, 0.995245, 0.991893, 0.991893, 0.991893, 0.991893, 0.991893, 0.991893, 0.991893, 0.991481, 0.991481, 0.991481, 0.991481, 0.991481, 0.990591, 0.987676, 0.989416, 0.991481, 0.991481, 0.99267, 0.991481, 0.991481, 0.991481, 0.991481, 0.993673, 0.99315, 0.99315, 0.99315, 0.99315, 0.99315, 0.99315, 0.99315, 0.993995, 0.99315, 0.99315, 0.992854, 0.993768, 0.991896, 0.991896, 0.991896, 0.991896, 0.991896, 0.991896, 0.991896, 0.993768, 0.991896, 0.991896, 0.991896, 0.991896, 0.991896, 0.991896, 0.991893, 0.991893, 0.991893, 0.991893, 0.991893, 0.991893, 0.995245, 0.991893, 0.991893, 0.991893, 0.995069, 0.991893, 0.991893, 0.991893, 0.995245, 0.991893, 0.991893, 0.991893, 0.995245, 0.991893, 0.991893, 0.991893, 0.995245, 0.991893, 0.991893, 0.991893, 0.991893, 0.991893, 0.991893, 0.991893, 0.995245, 0.991893, 0.991893, 0.991893, 0.995245, 0.991893, 0.991893, 0.991893, 0.991893, 0.991893, 0.991893, 0.995069, 0.996919, 0.998788, 0.996919, 0.996919, 0.996919, 0.998788, 0.996919, 0.996919, 0.996919, 0.998788, 0.991893, 0.991893, 0.991893, 0.995245, 0.991893, 0.991893, 
0.991893, 0.995245, 0.991893, 0.991893, 0.991893, 0.991893, 0.991893, 0.991893, 0.991893, 0.995245, 0.991893, 0.991893, 0.991893, 0.991893, 0.995069, 0.996919, 0.996919, 0.996919, 0.996919, 0.996919, 0.996919, 0.99692, 0.996921, 0.99692, 0.996921, 0.996921, 0.998789, 0.996921, 0.996921, 0.996921, 0.99946, 0.996921, 0.996922, 0.996921, 0.996921, 0.996921, 0.996922, 0.996921, 0.998789, 0.996921, 0.996921, 0.996921, 0.998789, 0.996921, 0.996921, 0.996921, 0.996921, 0.996921, 0.996921, 0.996921, 0.996921, 0.998789, 0.996921, 0.996921, 0.996921, 0.996921, 0.996921, 0.996919, 0.996919, 0.998788, 0.996919, 0.996919, 0.996919, 0.996919, 0.996919, 0.996919, 0.996919, 0.996919, 0.996919, 0.996919, 0.996919, 0.996919, 0.996919, 0.996919, 0.998878, 0.998878, 0.999781, 0.998878, 0.998878, 0.998411, 0.998788, 0.996919, 0.996919, 0.996919, 0.998788, 0.996919, 0.996919, 0.996919, 0.998788, 0.996919, 0.996919, 0.996919, 0.996919, 0.996919, 0.996919, 0.996919, 0.998788, 0.996919, 0.996919, 0.996919, 0.996919, 0.998788, 0.996919, 0.996919, 0.996919, 0.996919, 0.991893, 0.991893, 0.991893, 0.995245, 0.991893, 0.991893, 0.991893, 0.995245, 0.991893, 0.991893, 0.991893, 0.991893, 0.991893, 0.991893, 0.991893, 0.991893, 0.991893, 0.991893, 0.991893, 0.991893, 0.995245, 0.991893, 0.991893, 0.991893, 0.991893, 0.991893, 0.991893, 0.991893, 0.997013, 0.991893, 0.991893, 0.991893, 0.991893, 0.991893, 0.991893, 0.992237, 0.991896, 0.991896, 0.991896, 0.991896, 0.991896, 0.993768, 0.991896, 0.991896, 0.983142, 0.983142, 0.983142, 0.983142, 0.985001, 0.95296, 0.95296, 0.97466, 0.983142, 0.983142, 0.987676, 0.983142, 0.983142, 0.983142, 0.983142, 0.989416, 0.991481, 0.991481, 0.991481, 0.991481, 0.991481, 0.991481, 0.991481, 0.99267, 0.991481, 0.991481, 0.992526, 0.993995, 0.99315, 0.99315, 0.99315, 0.99315, 0.99315, 0.99315, 0.99315, 0.993995, 0.99315, 0.99315, 0.99315, 0.99315, 0.99315, 0.99315, 0.991896, 0.993768, 0.991896, 0.991896, 0.991896, 0.991896, 0.991896, 0.991896, 
0.991896, 0.991896, 0.994577, 0.991896, 0.991896, 0.991896, 0.991896, 0.991896, 0.991896, 0.991896, 0.993768, 0.991896, 0.991896, 0.991896, 0.993768, 0.991896, 0.991896, 0.991896, 0.991896, 0.991896, 0.991896, 0.991896, 0.993768, 0.991896, 0.991896, 0.991896, 0.993768, 0.991896, 0.991896, 0.991896, 0.991896, 0.991896, 0.991896, 0.992237, 0.991893, 0.995245, 0.991893, 0.991893, 0.991893, 0.995245, 0.991893, 0.991893, 0.991893, 0.995245, 0.991896, 0.991896, 0.991896, 0.993768, 0.991896, 0.991896, 0.991896, 0.991896, 0.991896, 0.993768, 0.991896, 0.991896, 0.991896, 0.991896, 0.991896, 0.993768, 0.991896, 0.991896, 0.991896, 0.991896, 0.992237, 0.991893, 0.991893, 0.991893, 0.991893, 0.991893, 0.991893, 0.991893, 0.991893, 0.991893, 0.991893, 0.991893, 0.995245, 0.991893, 0.991893, 0.991893, 0.995245, 0.991893, 0.991893, 0.991893, 0.995245, 0.991893, 0.991893, 0.991893, 0.995245, 0.991893, 0.991893, 0.991893, 0.995245, 0.991893, 0.991893, 0.991893, 0.991893, 0.991893, 0.991893, 0.991893, 0.991893, 0.995245, 0.991893, 0.991893, 0.991893, 0.991893, 0.991893, 0.991893, 0.991893, 0.995245, 0.991893, 0.991893, 0.991893, 0.991893, 0.991893, 0.991893, 0.991893, 0.991893, 0.991893, 0.991893, 0.991893, 0.991893, 0.995245, 0.985024, 0.996919, 0.998788, 0.998788, 0.996919, 0.996919, 0.995069, 0.995245, 0.991893, 0.991893, 0.991893, 0.991893, 0.991893, 0.991893, 0.991893, 0.995245, 0.991893, 0.991893, 0.991893, 0.995245, 0.991893, 0.991893, 0.991893, 0.995245, 0.991893, 0.991893, 0.991893, 0.991893, 0.991893, 0.991893, 0.991893, 0.991893, 0.995245, 0.991896, 0.991896, 0.991896, 0.993768, 0.991896, 0.991896, 0.991896, 0.991896, 0.991896, 0.991896, 0.991896, 0.993768, 0.991896, 0.991896, 0.991896, 0.991896, 0.991896, 0.991896, 0.991896, 0.991896, 0.993768, 0.991896, 0.991896, 0.991896, 0.991896, 0.991896, 0.991896, 0.991896, 0.993768, 0.991896, 0.991896, 0.991896, 0.993768, 0.991896, 0.991896, 0.992854, 0.99315, 0.99315, 0.99315, 0.99315, 0.99315, 0.993995, 0.99315, 0.99315, 
0.95296, 0.967045, 0.95296, 0.95296, 0.940659, 0.923003, 0.923003, 0.940659, 0.95296, 0.95296, 0.967045, 0.95296, 0.95296, 0.95296, 0.967045, 0.963918, 0.983142, 0.983142, 0.983142, 0.983142, 0.983142, 0.983142, 0.983142, 0.987676, 0.983142, 0.983142, 0.989416, 0.99267, 0.991481, 0.991481, 0.991481, 0.991481, 0.991481, 0.991481, 0.991481, 0.99267, 0.991481, 0.991481, 0.991481, 0.991481, 0.991481, 0.991481, 0.99315, 0.993995, 0.99315, 0.99315, 0.99315, 0.99315, 0.99315, 0.99315, 0.99315, 0.994039, 0.99315, 0.99315, 0.99315, 0.99315, 0.99315, 0.99315, 0.99315, 0.99315, 0.993995, 0.99315, 0.99315, 0.99315, 0.993995, 0.99315, 0.99315, 0.99315, 0.99315, 0.99315, 0.99315, 0.99315, 0.993995, 0.99315, 0.99315, 0.99315, 0.993995, 0.99315, 0.99315, 0.99315, 0.99315, 0.99315, 0.99315, 0.992854, 0.991896, 0.993768, 0.991896, 0.991896, 0.991896, 0.993768, 0.991896, 0.991896, 0.991896, 0.993768, 0.99315, 0.99315, 0.99315, 0.993995, 0.99315, 0.99315, 0.99315, 0.99315, 0.99315, 0.99315, 0.99315, 0.993995, 0.99315, 0.99315, 0.99315, 0.993995, 0.99315, 0.99315, 0.99315, 0.99315, 0.992854, 0.991896, 0.991896, 0.991896, 0.991896, 0.991896, 0.991896, 0.991896, 0.991896, 0.991896, 0.991896, 0.991896, 0.993768, 0.991896, 0.991896, 0.991896, 0.993768, 0.991896, 0.991896, 0.991896, 0.993768, 0.991896, 0.991896, 0.991896, 0.993768, 0.991896, 0.991896, 0.991896, 0.991896, 0.991896, 0.991896, 0.991896, 0.991896, 0.993768, 0.991896, 0.991896, 0.991896, 0.993768, 0.991896, 0.991896, 0.991896, 0.991896, 0.991896, 0.991896, 0.991896, 0.993768, 0.991896, 0.991896, 0.991896, 0.991896, 0.991896, 0.991896, 0.991896, 0.991896, 0.991896, 0.991896, 0.991896, 0.991896, 0.993768, 0.992237, 0.991893, 0.991893, 0.995245, 0.991893, 0.991893, 0.992237, 0.993768, 0.991896, 0.991896, 0.991896, 0.991896, 0.991896, 0.991896, 0.991896, 0.993768, 0.991896, 0.991896, 0.991896, 0.993768, 0.991896, 0.991896, 0.991896, 0.993768, 0.991896, 0.991896, 0.991896, 
0.991896, 0.991896, 0.991896, 0.991896, 0.991896, 0.993768, 0.99315, 0.99315, 0.99315, 0.993995, 0.99315, 0.99315, 0.99315, 0.99315, 0.99315, 0.99315, 0.99315, 0.993995, 0.99315, 0.99315, 0.99315, 0.99315, 0.99315, 0.99315, 0.99315, 0.99315, 0.993995, 0.99315, 0.99315, 0.99315, 0.99315, 0.99315, 0.99315, 0.99315, 0.993995, 0.99315, 0.99315, 0.99315, 0.993995, 0.99315, 0.99315, 0.993252, 0.991481, 0.991481, 0.991481, 0.991481, 0.991481, 0.99267, 0.991481, 0.991481, 0.923158, 0.941542, 0.923158, 0.923158, 0.940753, 0.953017, 0.953017, 0.940753, 0.923158, 0.923158, 0.941511, 0.923158, 0.923158, 0.923158, 0.941542, 0.953017, 0.953017, 0.953017, 0.953017, 0.953045, 0.953017, 0.953017, 0.953017, 0.953017, 0.953017, 0.953017, 0.974672, 0.987677, 0.983146, 0.983144, 0.983144, 0.983144, 0.983143, 0.983144, 0.983144, 0.987676, 0.983142, 0.983142, 0.983142, 0.983142, 0.983142, 0.983142, 0.991481, 0.99267, 0.991481, 0.991481, 0.991481, 0.991481, 0.991481, 0.991481, 0.991481, 0.993707, 0.991481, 0.991481, 0.991481, 0.991481, 0.991481, 0.991481, 0.991481, 0.991481, 0.99267, 0.991481, 0.991481, 0.991481, 0.99267, 0.991481, 0.991481, 0.991481, 0.991481, 0.991481, 0.991481, 0.991481, 0.99267, 0.991481, 0.991481, 0.991481, 0.99267, 0.991481, 0.991481, 0.991481, 0.991481, 0.991481, 0.991481, 0.992526, 0.99315, 0.993995, 0.99315, 0.99315, 0.99315, 0.993995, 0.99315, 0.99315, 0.99315, 0.993995, 0.991481, 0.991481, 0.991481, 0.99267, 0.991481, 0.991481, 0.991481, 0.991481, 0.991481, 0.991481, 0.991481, 0.99267, 0.991481, 0.991481, 0.991481, 0.99267, 0.991481, 0.991481, 0.991481, 0.991481, 0.992526, 0.99315, 0.99315, 0.99315, 0.99315, 0.99315, 0.99315, 0.99315, 0.99315, 0.99315, 0.99315, 0.99315, 0.993995, 0.99315, 0.99315, 0.99315, 0.993995, 0.99315, 0.99315, 0.99315, 0.993995, 0.99315, 0.99315, 0.99315, 0.993995, 0.99315, 0.99315, 0.99315, 0.99315, 0.99315, 0.99315, 0.99315, 0.99315, 0.993995, 0.99315, 0.99315, 
0.99315, 0.99315, 0.99315, 0.99315, 0.99315, 0.993995, 0.99315, 0.99315, 0.99315, 0.993995, 0.99315, 0.99315, 0.99315, 0.99315, 0.99315, 0.99315, 0.99315, 0.99315, 0.99315, 0.99315, 0.99315, 0.99315, 0.993995, 0.992854, 0.991896, 0.991896, 0.993768, 0.991896, 0.991896, 0.992854, 0.99315, 0.99315, 0.99315, 0.99315, 0.993995, 0.99315, 0.99315, 0.99315, 0.993995, 0.99315, 0.99315, 0.99315, 0.993995, 0.99315, 0.99315, 0.99315, 0.993995, 0.99315, 0.99315, 0.99315, 0.99315, 0.99315, 0.99315, 0.99315, 0.99315, 0.993995, 0.991481, 0.991481, 0.991481, 0.991481, 0.991481, 0.991481, 0.991481, 0.99267, 0.991481, 0.991481, 0.991481, 0.99267, 0.991481, 0.991481, 0.991481, 0.991481, 0.991481, 0.991481, 0.991481, 0.991481, 0.991481, 0.991481, 0.991481, 0.991481, 0.99267, 0.991481, 0.991481, 0.991481, 0.99267, 0.991481, 0.991481, 0.991481, 0.99267, 0.991481, 0.991481, 0.983142, 0.983142, 0.983142, 0.983142, 0.983142, 0.983142, 0.987676, 0.983142, 0.983142, 0.95388, 0.967345, 0.95388, 0.95388, 0.974901, 0.983211, 0.983211, 0.974901, 0.95388, 0.95388, 0.967198, 0.95388, 0.95388, 0.95388, 0.967345, 0.925316, 0.925316, 0.925316, 0.925316, 0.926385, 0.925316, 0.925316, 0.925316, 0.925316, 0.925316, 0.925316, 0.953388, 0.967345, 0.954308, 0.95388, 0.95388, 0.95388, 0.95388, 0.95388, 0.95388, 0.967052, 0.953017, 0.953017, 0.953017, 0.953017, 0.953017, 0.953045, 0.983146, 0.987677, 0.983144, 0.983146, 0.983144, 0.987677, 0.983144, 0.983144, 0.983142, 0.983142, 0.983142, 0.983142, 0.983142, 0.983142, 0.983142, 0.983142, 0.983142, 0.983142, 0.987676, 0.983142, 0.983142, 0.983142, 0.987676, 0.983142, 0.983142, 0.983142, 0.983142, 0.983142, 0.983142, 0.983142, 0.987676, 0.983142, 0.983142, 0.983142, 0.987676, 0.983142, 0.983142, 0.983142, 0.983142, 0.983142, 0.983142, 0.989416, 0.991481, 0.99267, 0.991481, 0.991481, 0.991481, 0.99267, 0.991481, 0.991481, 0.991481, 0.99267, 0.983142, 0.983142, 0.983142, 0.987676, 0.983142, 0.983142, 
0.983142, 0.983142, 0.983142, 0.983142, 0.983142, 0.987676, 0.983142, 0.983142, 0.983142, 0.987676, 0.983142, 0.983142, 0.983142, 0.983142, 0.989416, 0.991481, 0.991481, 0.991481, 0.991481, 0.991481, 0.991481, 0.991481, 0.99267, 0.991481, 0.991481, 0.991481, 0.991481, 0.991481, 0.991481, 0.991481, 0.99267, 0.991481, 0.991481, 0.991481, 0.99267, 0.991481, 0.991481, 0.991481, 0.991481, 0.991481, 0.991481, 0.991481, 0.991481, 0.99267, 0.991481, 0.991481, 0.991481, 0.99267, 0.991481, 0.991481, 0.991481, 0.991481, 0.991481, 0.991481, 0.991481, 0.99267, 0.991481, 0.991481, 0.991481, 0.99267, 0.991481, 0.991481, 0.991481, 0.991481, 0.991481, 0.991481, 0.991481, 0.991481, 0.991481, 0.991481, 0.991481, 0.991481, 0.99267, 0.992526, 0.99315, 0.99315, 0.993995, 0.99315, 0.99315, 0.992526, 0.991481, 0.991481, 0.991481, 0.991481, 0.99267, 0.991481, 0.991481, 0.991481, 0.99267, 0.991481, 0.991481, 0.991481, 0.99267, 0.991481, 0.991481, 0.991481, 0.99267, 0.991481, 0.991481, 0.991481, 0.991481, 0.991481, 0.991481, 0.991481, 0.991481, 0.992838, 0.983142, 0.983142, 0.983142, 0.983142, 0.983142, 0.983142, 0.983142, 0.987676, 0.983142, 0.983142, 0.983142, 0.987676, 0.983142, 0.983142, 0.983142, 0.983142, 0.983142, 0.983142, 0.983142, 0.983142, 0.983142, 0.983142, 0.983142, 0.983142, 0.987676, 0.983142, 0.983142, 0.983142, 0.987676, 0.983142, 0.983142, 0.983142, 0.987676, 0.983142, 0.983142, 0.95296, 0.95296, 0.95296, 0.95296, 0.95296, 0.95296, 0.967045, 0.95296, 0.95296, 0.98384, 0.987908, 0.98384, 0.98384, 0.989598, 0.991572, 0.991572, 0.989598, 0.98384, 0.98384, 0.987795, 0.98384, 0.98384, 0.98384, 0.987908, 0.958846, 0.958846, 0.958846, 0.958846, 0.960985, 0.958846, 0.958846, 0.969576, 0.958846, 0.958846, 0.958846, 0.933368, 0.94862, 0.940901, 0.936321, 0.936321, 0.936321, 0.936321, 0.936321, 0.936321, 0.942537, 0.925316, 0.92419, 0.925316, 0.925316, 0.925316, 0.9274, 0.95388, 0.967345, 0.95388, 0.954308, 0.95388, 0.967345, 0.95388, 0.953905, 
0.953017, 0.953017, 0.953017, 0.953045, 0.953017, 0.953017, 0.953017, 0.953017, 0.953017, 0.953017, 0.967059, 0.953017, 0.95296, 0.953017, 0.967059, 0.953017, 0.953017, 0.953045, 0.952988, 0.95296, 0.95296, 0.95296, 0.967045, 0.95296, 0.95296, 0.95296, 0.967045, 0.95296, 0.95296, 0.95296, 0.95296, 0.95296, 0.95296, 0.97466, 0.983142, 0.987676, 0.983142, 0.983142, 0.983142, 0.987676, 0.983142, 0.983142, 0.983142, 0.987676, 0.95296, 0.95296, 0.95296, 0.967045, 0.95296, 0.95296, 0.95296, 0.95296, 0.95296, 0.95296, 0.95296, 0.967045, 0.95296, 0.95296, 0.95296, 0.967045, 0.95296, 0.95296, 0.95296, 0.95296, 0.97466, 0.983142, 0.983142, 0.983142, 0.987676, 0.983142, 0.983142, 0.983142, 0.983142, 0.983142, 0.983142, 0.983142, 0.983142, 0.983142, 0.983142, 0.983142, 0.987676, 0.983142, 0.983142, 0.983142, 0.987676, 0.983142, 0.983142, 0.983142, 0.983142, 0.983142, 0.983142, 0.983142, 0.983142, 0.987676, 0.983142, 0.983142, 0.983142, 0.987676, 0.983142, 0.983142, 0.983142, 0.983142, 0.983142, 0.983142, 0.983142, 0.987676, 0.983142, 0.983142, 0.983142, 0.983142, 0.983142, 0.983142, 0.983142, 0.983142, 0.987676, 0.983142, 0.983142, 0.983142, 0.983142, 0.983142, 0.983142, 0.983142, 0.987676, 0.989416, 0.991481, 0.991481, 0.99267, 0.991481, 0.991481, 0.989416, 0.983142, 0.983142, 0.983142, 0.983142, 0.987676, 0.983142, 0.983142, 0.983142, 0.987676, 0.983142, 0.983142, 0.983142, 0.987676, 0.983142, 0.983142, 0.983142, 0.987676, 0.983142, 0.983142, 0.983142, 0.983142, 0.983142, 0.983142, 0.983142, 0.983142, 0.985001, 0.95296, 0.95296, 0.95296, 0.95296, 0.95296, 0.95296, 0.95296, 0.967045, 0.95296, 0.95296, 0.95296, 0.967045, 0.95296, 0.95296, 0.95296, 0.95296, 0.95296, 0.95296, 0.95296, 0.95296, 0.95296, 0.95296, 0.95296, 0.95296, 0.967045, 0.95296, 0.95296, 0.95296, 0.967045, 0.95296, 0.95296, 0.95296, 0.967045, 0.95296, 0.95296, 0.923003, 0.923003, 0.923003, 0.923003, 0.923003, 0.923003, 0.923003, 0.923003, 0.923003, 
0.992505, 0.993505, 0.992505, 0.992505, 0.993385, 0.993934, 0.993934, 0.993385, 0.992505, 0.992505, 0.993101, 0.992505, 0.992505, 0.992505, 0.993505, 0.986785, 0.986785, 0.986785, 0.986785, 0.988016, 0.986785, 0.986785, 0.989522, 0.986785, 0.986785, 0.986785, 0.984348, 0.971919, 0.971919, 0.971919, 0.971919, 0.971919, 0.971919, 0.971919, 0.971919, 0.969576, 0.958846, 0.958846, 0.958846, 0.958846, 0.958846, 0.960985, 0.936321, 0.94862, 0.936321, 0.940901, 0.936321, 0.94862, 0.936321, 0.936966, 0.925316, 0.925316, 0.925316, 0.926385, 0.925316, 0.925316, 0.925316, 0.925316, 0.925316, 0.925316, 0.942537, 0.925316, 0.923003, 0.925316, 0.942537, 0.925316, 0.925316, 0.926385, 0.924263, 0.923235, 0.923312, 0.923235, 0.941511, 0.923003, 0.923003, 0.923003, 0.94148, 0.923003, 0.923003, 0.923003, 0.923003, 0.923003, 0.923003, 0.940659, 0.95296, 0.967045, 0.95296, 0.95296, 0.95296, 0.967045, 0.95296, 0.95296, 0.95296, 0.967045, 0.923003, 0.923003, 0.923003, 0.94148, 0.923003, 0.923003, 0.923003, 0.923003, 0.923003, 0.923003, 0.923003, 0.94148, 0.923003, 0.923003, 0.923003, 0.94148, 0.923003, 0.923003, 0.923003, 0.923003, 0.940659, 0.95296, 0.95296, 0.95296, 0.967045, 0.95296, 0.95296, 0.95296, 0.95296, 0.95296, 0.95296, 0.95296, 0.95296, 0.95296, 0.95296, 0.95296, 0.967045, 0.95296, 0.95296, 0.95296, 0.967045, 0.95296, 0.95296, 0.95296, 0.95296, 0.95296, 0.95296, 0.95296, 0.95296, 0.967045, 0.95296, 0.95296, 0.95296, 0.967045, 0.95296, 0.95296, 0.95296, 0.95296, 0.95296, 0.95296, 0.95296, 0.967045, 0.95296, 0.95296, 0.95296, 0.95296, 0.95296, 0.95296, 0.95296, 0.95296, 0.967045, 0.95296, 0.95296, 0.95296, 0.95296, 0.95296, 0.95296, 0.95296, 0.967045, 0.97466, 0.983142, 0.983142, 0.987676, 0.983142, 0.983142, 0.97466, 0.95296, 0.95296, 0.95296, 0.95296, 0.967045, 0.95296, 0.95296, 0.95296, 0.967045, 0.95296, 0.95296, 0.95296, 0.967045, 0.95296, 0.95296, 0.95296, 0.95296, 0.95296, 0.95296, 0.95296, 
0.95296, 0.967045, 0.95296, 0.95296, 0.95296, 0.95296, 0.923003, 0.923003, 0.923003, 0.94148, 0.923003, 0.923003, 0.923003, 0.94148, 0.923003, 0.923003, 0.923003, 0.923003, 0.923003, 0.923003, 0.923003, 0.923003, 0.94148, 0.923003, 0.923003, 0.923003, 0.923003, 0.923003, 0.923003, 0.923003, 0.94148, 0.923003, 0.923003, 0.923003, 0.94148, 0.923003, 0.923003, 0.923003, 0.94148, 0.923003, 0.923003, 0.915465, 0.95296, 0.967059, 0.953017, 0.953073, 0.953017, 0.953017, 0.953073, 0.953073, 0.996624, 0.996624, 0.996624, 0.996624, 0.996502, 0.996124, 0.996124, 0.996502, 0.996624, 0.996624, 0.995778, 0.996624, 0.996624, 0.996624, 0.997031, 0.995857, 0.995857, 0.995857, 0.995857, 0.997096, 0.995857, 0.995857, 0.996385, 0.997096, 0.995857, 0.995857, 0.995089, 0.993357, 0.993357, 0.993357, 0.993357, 0.993357, 0.993357, 0.993357, 0.993357, 0.992864, 0.986785, 0.986785, 0.986785, 0.989522, 0.986785, 0.981528, 0.977559, 0.971919, 0.971919, 0.976464, 0.971919, 0.977559, 0.971919, 0.97278, 0.958846, 0.958846, 0.958846, 0.960985, 0.958846, 0.958846, 0.958846, 0.958846, 0.958846, 0.958846, 0.969576, 0.958846, 0.95296, 0.958846, 0.958846, 0.958846, 0.969576, 0.960985, 0.956583, 0.954308, 0.955105, 0.95388, 0.967204, 0.953073, 0.953017, 0.953017, 0.967059, 0.953045, 0.953017, 0.953017, 0.953017, 0.952988, 0.953017, 0.940753, 0.923158, 0.941542, 0.923235, 0.923158, 0.923158, 0.941603, 0.923235, 0.923158, 0.923003, 0.94148, 0.952988, 0.953017, 0.953017, 0.967052, 0.95296, 0.953017, 0.953017, 0.953017, 0.953017, 0.952988, 0.953017, 0.967059, 0.953017, 0.953073, 0.953045, 0.967059, 0.953017, 0.95296, 0.95296, 0.95296, 0.940659, 0.923081, 0.923235, 0.923158, 0.941542, 0.923003, 0.923158, 0.923158, 0.923158, 0.923158, 0.923235, 0.923158, 0.923158, 0.923158, 0.923235, 0.923158, 0.941542, 0.923158, 0.923081, 0.923158, 0.941542, 0.923158, 0.923158, 0.923158, 0.923158, 0.923158, 0.923158, 0.923081, 0.923003, 0.94148, 0.923003, 0.923003, 0.923003, 0.94148, 0.923003, 0.923003, 
0.923003, 0.923003, 0.923003, 0.923003, 0.923003, 0.94148, 0.923003, 0.923003, 0.923003, 0.923003, 0.923003, 0.923003, 0.923003, 0.923003, 0.94148, 0.923003, 0.923003, 0.923003, 0.923003, 0.923003, 0.923003, 0.923003, 0.94148, 0.940659, 0.95296, 0.95296, 0.967045, 0.95296, 0.95296, 0.940659, 0.923003, 0.923003, 0.923003, 0.923003, 0.94148, 0.923003, 0.923003, 0.923003, 0.94148, 0.923003, 0.923003, 0.923003, 0.94148, 0.923003, 0.923003, 0.923003, 0.923003, 0.923003, 0.923003, 0.923003, 0.923003, 0.94148, 0.923003, 0.923003, 0.923003, 0.923003, 0.95296, 0.95296, 0.95296, 0.967045, 0.95296, 0.95296, 0.95296, 0.967045, 0.95296, 0.95296, 0.95296, 0.95296, 0.95296, 0.95296, 0.95296, 0.95296, 0.95296, 0.95296, 0.95296, 0.95296, 0.967045, 0.953017, 0.953017, 0.953017, 0.967059, 0.953017, 0.953017, 0.953017, 0.967065, 0.953045, 0.953017, 0.953017, 0.953045, 0.953017, 0.953045, 0.974679, 0.983181, 0.987682, 0.983212, 0.983244, 0.983276, 0.983245, 0.983276, 0.983211, 0.999121, 0.997374, 0.999121, 0.999121, 0.999204, 0.999228, 0.999747, 0.999204, 0.999121, 0.999121, 0.997897, 0.999121, 0.999121, 0.999121, 0.99928, 0.999192, 0.999192, 0.999192, 0.999192, 0.99972, 0.999192, 0.999192, 0.999268, 0.99972, 0.999192, 0.999192, 0.999199, 0.999051, 0.999051, 0.999051, 0.999051, 0.999051, 0.999051, 0.999051, 0.999051, 0.998024, 0.995857, 0.995857, 0.995857, 0.996385, 0.995857, 0.996579, 0.993357, 0.993357, 0.993357, 0.995477, 0.993357, 0.994382, 0.993357, 0.993827, 0.986785, 0.986785, 0.986785, 0.988016, 0.986785, 0.986785, 0.986785, 0.986785, 0.986785, 0.986785, 0.989522, 0.986785, 0.983142, 0.986785, 0.986785, 0.986785, 0.986785, 0.989029, 0.987795, 0.984406, 0.984406, 0.98384, 0.9878, 0.983276, 0.983211, 0.983211, 0.987688, 0.983244, 0.983211, 0.983211, 0.983211, 0.983177, 0.983211, 0.974901, 0.95388, 0.967345, 0.954308, 0.95388, 0.95388, 0.967624, 0.954308, 0.95388, 0.953017, 0.967065, 0.983178, 0.983211, 0.983211, 0.987682, 0.983142, 0.983211, 
0.983211, 0.983211, 0.983211, 0.983177, 0.983211, 0.987688, 0.983211, 0.983276, 0.983244, 0.987688, 0.983212, 0.983146, 0.983144, 0.983144, 0.974666, 0.953458, 0.95388, 0.95388, 0.967345, 0.953431, 0.95388, 0.95388, 0.95388, 0.95388, 0.954308, 0.95388, 0.95388, 0.95388, 0.954308, 0.95388, 0.967345, 0.95388, 0.953431, 0.95388, 0.967345, 0.95388, 0.95388, 0.95388, 0.95388, 0.95388, 0.95388, 0.953485, 0.953017, 0.967059, 0.953017, 0.953045, 0.953017, 0.967059, 0.953017, 0.953073, 0.953017, 0.953017, 0.953017, 0.953045, 0.953017, 0.967059, 0.953017, 0.953017, 0.953017, 0.953017, 0.953017, 0.953017, 0.953017, 0.952988, 0.967045, 0.95296, 0.95296, 0.95296, 0.95296, 0.95296, 0.95296, 0.95296, 0.967045, 0.940659, 0.923003, 0.923003, 0.94148, 0.923003, 0.923003, 0.940659, 0.95296, 0.95296, 0.95296, 0.95296, 0.967045, 0.95296, 0.95296, 0.95296, 0.967045, 0.95296, 0.95296, 0.95296, 0.967045, 0.95296, 0.95296, 0.95296, 0.95296, 0.95296, 0.95296, 0.95296, 0.95296, 0.967052, 0.952988, 0.953017, 0.953017, 0.953017, 0.983144, 0.983146, 0.983144, 0.987677, 0.983144, 0.983146, 0.983144, 0.987677, 0.983144, 0.983146, 0.983144, 0.983144, 0.983146, 0.983146, 0.983144, 0.983144, 0.983146, 0.983144, 0.983146, 0.983144, 0.987677, 0.983177, 0.983244, 0.983211, 0.987688, 0.983211, 0.983211, 0.983211, 0.987694, 0.983244, 0.983211, 0.983211, 0.983244, 0.983211, 0.983211, 0.989425, 0.991529, 0.991573, 0.991572, 0.991661, 0.991616, 0.992736, 0.99166, 0.991616, 0.999628, 0.998729, 0.999628, 0.999628, 0.999735, 0.999811, 0.999934, 0.999735, 0.999628, 0.999628, 0.999106, 0.999628, 0.999628, 0.999628, 0.999723, 0.999426, 0.999426, 0.999426, 0.999426, 0.9998, 0.999426, 0.999426, 0.999462, 0.9998, 0.999426, 0.999426, 0.999407, 0.999371, 0.999371, 0.999371, 0.999371, 0.999371, 0.999371, 0.999371, 0.999371, 0.999337, 0.999192, 0.999192, 0.999192, 0.999268, 0.999192, 0.999703, 0.999051, 0.999051, 0.999051, 0.999677, 0.999051, 0.999146, 0.999051, 0.999333, 
0.995857, 0.995857, 0.995857, 0.997096, 0.995857, 0.995857, 0.995857, 0.995857, 0.995857, 0.995857, 0.996385, 0.995857, 0.991481, 0.995857, 0.995857, 0.995857, 0.997096, 0.997096, 0.993505, 0.99296, 0.993383, 0.992505, 0.993131, 0.99166, 0.991572, 0.991572, 0.992736, 0.991616, 0.991572, 0.991572, 0.991572, 0.991527, 0.991572, 0.989598, 0.98384, 0.987908, 0.984136, 0.98384, 0.98384, 0.988121, 0.984136, 0.98384, 0.983211, 0.987694, 0.991528, 0.991572, 0.991572, 0.991527, 0.99267, 0.991572, 0.991572, 0.991572, 0.991572, 0.991527, 0.991572, 0.992736, 0.991572, 0.99166, 0.991616, 0.991572, 0.991573, 0.991483, 0.991482, 0.991482, 0.991904, 0.983541, 0.98384, 0.98384, 0.987908, 0.983512, 0.98384, 0.98384, 0.98384, 0.98384, 0.984136, 0.98384, 0.98384, 0.98384, 0.984136, 0.98384, 0.987908, 0.98384, 0.983512, 0.98384, 0.987908, 0.98384, 0.98384, 0.98384, 0.98384, 0.98384, 0.98384, 0.983568, 0.983211, 0.987688, 0.983211, 0.983244, 0.983211, 0.987688, 0.983211, 0.983276, 0.983211, 0.983211, 0.983211, 0.983244, 0.983211, 0.987688, 0.983211, 0.983211, 0.983211, 0.983211, 0.983211, 0.983211, 0.983211, 0.983178, 0.987677, 0.983146, 0.983144, 0.983144, 0.983144, 0.983144, 0.983144, 0.983144, 0.987677, 0.974679, 0.953073, 0.953017, 0.967059, 0.953045, 0.953017, 0.974672, 0.983144, 0.983144, 0.983144, 0.983144, 0.987677, 0.983144, 0.983146, 0.983144, 0.987677, 0.983144, 0.983146, 0.983144, 0.987677, 0.983146, 0.983146, 0.983144, 0.983144, 0.983144, 0.983144, 0.983144, 0.983144, 0.983178, 0.983177, 0.983211, 0.983211, 0.987688, 0.991482, 0.991483, 0.991482, 0.991482, 0.991482, 0.991482, 0.991482, 0.991482, 0.99267, 0.991484, 0.99267, 0.991482, 0.991483, 0.991483, 0.991482, 0.991482, 0.991483, 0.991482, 0.991482, 0.991482, 0.99267, 0.991528, 0.991572, 0.991572, 0.992736, 0.991616, 0.991572, 0.991572, 0.992769, 0.991616, 0.991572, 0.991572, 0.991616, 0.991572, 0.991572, 0.992595, 0.993642, 0.993555, 0.993934, 0.994626, 0.994626, 0.994677, 0.994626, 0.994291, 
0.999387, 0.999044, 0.999387, 0.999387, 0.999483, 0.999564, 0.999719, 0.999483, 0.999387, 0.999387, 0.999483, 0.999387, 0.999387, 0.99982, 0.99887, 0.998817, 0.998817, 0.998817, 0.999109, 0.999236, 0.998817, 0.998817, 0.998817, 0.999236, 0.998817, 0.998817, 0.998595, 0.998135, 0.998135, 0.998135, 0.998135, 0.998135, 0.998135, 0.998135, 0.998135, 0.998975, 0.999426, 0.999426, 0.999426, 0.999462, 0.999426, 0.99979, 0.999371, 0.999371, 0.999371, 0.999779, 0.999371, 0.999376, 0.999371, 0.999775, 0.999192, 0.999192, 0.999192, 0.99972, 0.999192, 0.999192, 0.999192, 0.999192, 0.999192, 0.999192, 0.999268, 0.999192, 0.997656, 0.999192, 0.999192, 0.999192, 0.99972, 0.999192, 0.997031, 0.997628, 0.998333, 0.996624, 0.996025, 0.994626, 0.993934, 0.993934, 0.994677, 0.993934, 0.993934, 0.993934, 0.993934, 0.993934, 0.993934, 0.993385, 0.992505, 0.993505, 0.99296, 0.992505, 0.992505, 0.993886, 0.99296, 0.99296, 0.991572, 0.991616, 0.99256, 0.993934, 0.993934, 0.994677, 0.99315, 0.993934, 0.993934, 0.994677, 0.993934, 0.993934, 0.993934, 0.994677, 0.993934, 0.994626, 0.993934, 0.993934, 0.993962, 0.993243, 0.993212, 0.993212, 0.993701, 0.992055, 0.992505, 0.992505, 0.993505, 0.992014, 0.992505, 0.992505, 0.992505, 0.992505, 0.99296, 0.992505, 0.992505, 0.992505, 0.99296, 0.992505, 0.993505, 0.992505, 0.992014, 0.992505, 0.993505, 0.992505, 0.992505, 0.992505, 0.992505, 0.992505, 0.992505, 0.992095, 0.991572, 0.992736, 0.991572, 0.991616, 0.991572, 0.992736, 0.991572, 0.99166, 0.991572, 0.991572, 0.991572, 0.991616, 0.991572, 0.992736, 0.991572, 0.991572, 0.991572, 0.991572, 0.991572, 0.991572, 0.991572, 0.991528, 0.99267, 0.991482, 0.991483, 0.991482, 0.991482, 0.991482, 0.991482, 0.991482, 0.99267, 0.98943, 0.983276, 0.983211, 0.987688, 0.983244, 0.983211, 0.989425, 0.991482, 0.991482, 0.991482, 0.991482, 0.99267, 0.991482, 0.991483, 0.991482, 0.99267, 0.991482, 0.991483, 0.991482, 0.99267, 0.991483, 0.991483, 0.991482, 0.991482, 0.991482, 0.991482, 0.991482, 
0.991482, 0.991528, 0.991527, 0.991572, 0.991572, 0.992736, 0.993212, 0.993243, 0.993212, 0.993212, 0.993212, 0.993212, 0.993212, 0.993212, 0.994048, 0.993274, 0.993212, 0.993212, 0.994074, 0.993243, 0.993212, 0.993212, 0.993243, 0.993212, 0.993212, 0.993212, 0.994048, 0.993584, 0.993934, 0.993934, 0.994677, 0.994291, 0.993934, 0.993934, 0.993934, 0.994291, 0.993934, 0.993934, 0.994291, 0.994988, 0.993934, 0.993693, 0.992932, 0.997449, 0.996124, 0.997289, 0.9981, 0.996952, 0.997289, 0.9981, 0.99957, 0.999329, 0.99957, 0.99957, 0.999768, 0.999875, 0.99992, 0.999768, 0.99957, 0.99957, 0.999693, 0.999803, 0.99957, 0.999803, 0.99949, 0.999395, 0.999395, 0.999395, 0.999395, 0.999612, 0.999395, 0.999395, 0.999395, 0.999612, 0.999395, 0.999395, 0.999367, 0.998833, 0.998833, 0.998833, 0.998833, 0.998833, 0.998833, 0.998833, 0.998833, 0.998825, 0.998817, 0.998817, 0.998817, 0.999109, 0.998817, 0.999041, 0.998135, 0.998236, 0.998135, 0.998796, 0.998135, 0.998135, 0.998135, 0.999339, 0.999426, 0.999426, 0.999426, 0.9998, 0.999426, 0.999426, 0.999426, 0.999426, 0.999426, 0.999426, 0.999462, 0.999426, 0.998218, 0.999426, 0.999426, 0.999426, 0.9998, 0.999426, 0.99928, 0.999703, 0.999899, 0.999121, 0.998524, 0.9981, 0.996124, 0.996124, 0.996952, 0.996124, 0.996124, 0.996124, 0.996124, 0.996124, 0.996124, 0.996502, 0.996624, 0.997031, 0.997628, 0.996624, 0.996624, 0.997912, 0.997628, 0.996624, 0.995741, 0.993934, 0.993693, 0.996124, 0.996124, 0.996952, 0.991896, 0.996124, 0.996124, 0.996952, 0.996124, 0.996124, 0.996124, 0.996952, 0.996124, 0.9981, 0.996124, 0.996124, 0.996357, 0.99338, 0.992932, 0.992932, 0.994355, 0.995476, 0.996624, 0.996624, 0.997031, 0.995193, 0.996624, 0.996624, 0.996624, 0.996624, 0.997628, 0.996624, 0.996624, 0.996624, 0.997628, 0.996624, 0.997031, 0.996624, 0.995193, 0.996624, 0.996624, 0.996624, 0.996624, 0.996624, 0.996624, 0.997031, 0.996624, 0.995741, 0.993934, 0.994677, 0.993934, 0.994291, 0.993934, 0.993934, 0.993934, 0.994626, 
0.993934, 0.994677, 0.993934, 0.994291, 0.993934, 0.994677, 0.993934, 0.993934, 0.993934, 0.993934, 0.993934, 0.993934, 0.993934, 0.993584, 0.994048, 0.993212, 0.993243, 0.993212, 0.993212, 0.993212, 0.993212, 0.993212, 0.994048, 0.992595, 0.99166, 0.991572, 0.992736, 0.991572, 0.991616, 0.992595, 0.993212, 0.993212, 0.993243, 0.993212, 0.994048, 0.993212, 0.993212, 0.993212, 0.994048, 0.993212, 0.993274, 0.993212, 0.994048, 0.993212, 0.993243, 0.993212, 0.993212, 0.993212, 0.993243, 0.993212, 0.993212, 0.993584, 0.993555, 0.993934, 0.993934, 0.994677, 0.992932, 0.99338, 0.992932, 0.992932, 0.992932, 0.992932, 0.992932, 0.992932, 0.994503, 0.993791, 0.992932, 0.992932, 0.994503, 0.99338, 0.992932, 0.992932, 0.99338, 0.99338, 0.992932, 0.992932, 0.994503, 0.996357, 0.996124, 0.996124, 0.996124, 0.997289, 0.996124, 0.996124, 0.996124, 0.997861, 0.996124, 0.996124, 0.996124, 0.997861, 0.996124, 0.996372, 0.999183, 0.999747, 0.999228, 0.999747, 0.999916, 0.999516, 0.999747, 0.999916, 0.999973, 0.99991, 0.999973, 0.999973, 0.999994, 0.999999, 1, 0.999994, 0.999973, 0.999993, 0.999978, 0.999973, 0.999973, 0.999993, 0.999951, 0.999908, 0.999908, 0.999908, 0.999908, 0.999973, 0.999908, 0.999908, 0.999908, 0.999973, 0.999908, 0.999908, 0.999941, 0.999871, 0.999871, 0.999871, 0.999871, 0.999871, 0.999871, 0.999871, 0.999871, 0.999721, 0.999395, 0.999395, 0.999395, 0.999672, 0.999395, 0.999461, 0.998833, 0.999121, 0.998833, 0.999252, 0.998833, 0.998833, 0.998833, 0.999247, 0.998817, 0.998817, 0.998817, 0.999236, 0.998817, 0.998817, 0.998817, 0.998817, 0.998817, 0.998817, 0.999109, 0.998817, 0.998148, 0.998817, 0.998817, 0.998817, 0.999236, 0.998817, 0.999723, 0.999873, 0.999955, 0.999628, 0.999687, 0.999916, 0.999228, 0.999228, 0.999228, 0.999228, 0.999228, 0.999228, 0.999228, 0.999516, 0.999228, 0.999204, 0.99928, 0.99928, 0.999703, 0.999121, 0.999121, 0.999703, 0.999703, 0.999121, 0.998163, 0.997289, 0.996372, 0.999228, 0.999228, 0.999516, 0.991893, 0.999228, 
0.999228, 0.999516, 0.999228, 0.999228, 0.999228, 0.999516, 0.999228, 0.999916, 0.999228, 0.999228, 0.999459, 0.997457, 0.996333, 0.996333, 0.996625, 0.998163, 0.999121, 0.999121, 0.99928, 0.997374, 0.999121, 0.999121, 0.999121, 0.999121, 0.999703, 0.999121, 0.999121, 0.999121, 0.999703, 0.999121, 0.99928, 0.999121, 0.997374, 0.999121, 0.999121, 0.999121, 0.999121, 0.999703, 0.999121, 0.99928, 0.999121, 0.996124, 0.996124, 0.996952, 0.996124, 0.997289, 0.996124, 0.996124, 0.996124, 0.9981, 0.996124, 0.996952, 0.996124, 0.997289, 0.996124, 0.996952, 0.996124, 0.996124, 0.996124, 0.996124, 0.996124, 0.996124, 0.996124, 0.994775, 0.994503, 0.992932, 0.99338, 0.992932, 0.992932, 0.992932, 0.992932, 0.992932, 0.995333, 0.991707, 0.995281, 0.993934, 0.993934, 0.993934, 0.994291, 0.993693, 0.992932, 0.992932, 0.99338, 0.992932, 0.994503, 0.992932, 0.992932, 0.992932, 0.994503, 0.992932, 0.993791, 0.992932, 0.992932, 0.992932, 0.99338, 0.992932, 0.992932, 0.994503, 0.99338, 0.992932, 0.992932, 0.994775, 0.994428, 0.996124, 0.996124, 0.996952, 0.993444, 0.996333, 0.996333, 0.996333, 0.997787, 0.997457, 0.996333, 0.996333, 0.997787, 0.998225, 0.996333, 0.996333, 0.997787, 0.997457, 0.996333, 0.996333, 0.997457, 0.997457, 0.996333, 0.996333, 0.997787, 0.999228, 0.999228, 0.999228, 0.999228, 0.999228, 0.999228, 0.999228, 0.999228, 0.999946, 0.999228, 0.999228, 0.999228, 0.999839, 0.999228, 0.999518, 0.999926, 0.999811, 0.999811, 0.999811, 0.999977, 0.999964, 0.999811, 0.999977, 1, 0.999999, 1, 1, 1, 1, 1, 1, 1, 1, 1, 1, 1, 1, 1, 0.999999, 0.999999, 0.999999, 0.999999, 0.999999, 0.999999, 0.999999, 1, 1, 0.999999, 0.999999, 0.999996, 0.999996, 0.999996, 0.999996, 0.999996, 0.999996, 0.999996, 0.999996, 0.999996, 0.999982, 0.999908, 0.999908, 0.999908, 0.999958, 0.999908, 0.999968, 0.999871, 0.99993, 0.999871, 0.999962, 0.999871, 0.99993, 0.999871, 0.999917, 
0.999395, 0.998885, 0.999395, 0.999612, 0.999395, 0.999395, 0.999395, 0.999395, 0.999395, 0.999395, 0.999672, 0.999395, 0.999057, 0.999395, 0.999395, 0.999395, 0.999612, 0.999395, 0.999667, 0.999604, 0.999744, 0.999387, 0.999817, 0.999977, 0.999811, 0.999811, 0.999811, 0.999811, 0.999811, 0.999811, 0.999811, 0.999899, 0.999811, 0.999735, 0.999723, 0.999723, 0.999873, 0.999628, 0.999628, 0.999873, 0.999873, 0.999628, 0.99956, 0.999747, 0.999518, 0.999811, 0.999811, 0.999899, 0.996919, 0.999811, 0.999811, 0.999899, 0.999811, 0.999811, 0.999811, 0.999811, 0.999811, 0.999977, 0.999811, 0.999811, 0.999899, 0.999896, 0.999691, 0.999691, 0.9998, 0.99956, 0.999628, 0.999628, 0.999723, 0.998729, 0.999628, 0.999628, 0.999628, 0.999628, 0.999873, 0.999628, 0.999628, 0.999628, 0.999873, 0.999628, 0.999723, 0.999628, 0.998729, 0.999628, 0.999628, 0.999628, 0.999628, 0.999873, 0.999628, 0.999723, 0.999628, 0.999228, 0.999228, 0.999516, 0.999228, 0.999747, 0.999747, 0.999228, 0.999228, 0.999747, 0.999228, 0.999516, 0.999228, 0.999747, 0.999228, 0.999516, 0.999228, 0.999228, 0.999228, 0.999228, 0.999228, 0.999228, 0.999228, 0.998329, 0.997787, 0.996333, 0.997457, 0.996333, 0.996333, 0.996333, 0.996333, 0.997787, 0.997787, 0.996124, 0.9981, 0.996124, 0.996124, 0.996124, 0.997289, 0.997654, 0.993444, 0.996333, 0.997457, 0.996333, 0.997787, 0.996333, 0.996333, 0.996333, 0.997787, 0.996333, 0.997457, 0.996333, 0.996333, 0.996333, 0.998225, 0.996333, 0.996333, 0.997787, 0.997457, 0.996333, 0.996333, 0.998329, 0.997591, 0.999228, 0.999228, 0.999228, 0.999518, 0.999691, 0.999691, 0.999691, 0.999866, 0.999896, 0.999691, 0.999691, 0.999866, 0.999965, 0.999691, 0.999691, 0.999866, 0.999896, 0.999691, 0.999691, 0.999691, 0.999896, 0.999691, 0.999691, 0.999691, 0.99979, 0.999811, 0.999811, 0.999811, 0.999964, 0.999811, 0.999811, 0.999811, 0.999987, 0.999811, 0.999811, 0.999811, 0.999964, 0.999811, 0.999929, 0.999625, 0.999936, 0.999564, 0.999564, 0.999818, 0.999871, 0.999564, 0.999719, 
1, 1, 1, 1, 1, 1, 1, 1, 1, 1, 1, 1, 1, 1, 1, 1, 1, 1, 1, 1, 1, 1, 1, 1, 1, 1, 1, 1, 1, 1, 1, 1, 1, 1, 1, 0.999982, 0.999999, 0.999999, 0.999999, 1, 0.999999, 1, 0.999996, 0.999998, 0.999996, 1, 0.999996, 0.999998, 0.999996, 0.999999, 0.999908, 0.9998, 0.999908, 0.999973, 0.999908, 0.999908, 0.999908, 0.999908, 0.999908, 0.999908, 0.999908, 0.999908, 0.999858, 0.999908, 0.999908, 0.999908, 0.999973, 0.999908, 0.999803, 0.999724, 0.999823, 0.99957, 0.999802, 0.999818, 0.999564, 0.999564, 0.999564, 0.999564, 0.999564, 0.999564, 0.999564, 0.999801, 0.999564, 0.999483, 0.999667, 0.999667, 0.999604, 0.999387, 0.999387, 0.999604, 0.999604, 0.999387, 0.999663, 0.999934, 0.999843, 0.999564, 0.999564, 0.999801, 0.998878, 0.999564, 0.999564, 0.999801, 0.999564, 0.999564, 0.999564, 0.999564, 0.999564, 0.999818, 0.999564, 0.999564, 0.999801, 0.999953, 0.999868, 0.999868, 0.999929, 0.999663, 0.999387, 0.999387, 0.999667, 0.999044, 0.999387, 0.999387, 0.999387, 0.999387, 0.999604, 0.999387, 0.999387, 0.999387, 0.999604, 0.999387, 0.999667, 0.999387, 0.999044, 0.999387, 0.999387, 0.999387, 0.999387, 0.999604, 0.999387, 0.999667, 0.999387, 0.999881, 0.999811, 0.999899, 0.999811, 0.999977, 0.999811, 0.999811, 0.999811, 0.999934, 0.999811, 0.999899, 0.999811, 0.999934, 0.999811, 0.999899, 0.999811, 0.999811, 0.999811, 0.999811, 0.999811, 0.999811, 0.999811, 0.99979, 0.999866, 0.999691, 0.999896, 0.999691, 0.999691, 0.999691, 0.999691, 0.999866, 0.999866, 0.999228, 0.999916, 0.999228, 0.999228, 0.999228, 0.999747, 0.9998, 0.999185, 0.999691, 0.999896, 0.999691, 0.999866, 0.999691, 0.999691, 0.999691, 0.999691, 0.999691, 0.999896, 0.999691, 0.999691, 0.999866, 0.999965, 0.999691, 0.999691, 0.999866, 0.999691, 0.999896, 
0.999691, 0.999059, 0.999811, 0.999811, 0.999811, 0.999811, 0.999929, 0.999868, 0.999868, 0.999868, 0.99994, 0.999953, 0.999868, 0.999868, 0.99994, 0.999983, 0.999868, 0.999868, 0.99994, 0.999953, 0.999868, 0.999868, 0.999868, 0.999953, 0.999868, 0.999868, 0.999868, 0.999761, 0.999564, 0.999564, 0.999564, 0.999871, 0.999564, 0.999564, 0.999564, 0.999871, 0.999564, 0.999564, 0.999564, 0.999871, 0.999564, 0.999486, 0.999873, 0.999987, 0.999875, 0.999875, 0.99992, 0.99998, 0.999875, 0.99992, 1, 1, 1, 1, 1, 1, 1, 1, 1, 1, 1, 1, 1, 1, 1, 1, 1, 1, 1, 1, 1, 1, 1, 1, 1, 1, 1, 1, 1, 1, 1, 1, 1, 1, 1, 1, 1, 1, 1, 1, 1, 1, 1, 1, 1, 1, 1, 1, 1, 1, 0.999999, 0.999996, 1, 1, 0.999999, 0.999996, 0.999999, 0.999999, 0.999999, 0.999999, 0.999999, 0.999999, 0.999982, 0.999999, 1, 0.999999, 1, 0.999999, 0.999993, 0.999992, 0.999998, 0.999973, 0.999986, 0.999949, 0.999875, 0.999875, 0.999875, 0.999875, 0.999875, 0.999875, 0.999875, 0.999969, 0.999875, 0.999768, 0.999803, 0.999803, 0.999724, 0.99957, 0.99957, 0.999724, 0.999724, 0.99957, 0.999567, 0.999719, 0.999765, 0.999875, 0.999875, 0.999969, 0.999696, 0.999875, 0.999875, 0.999969, 0.999875, 0.999875, 0.999875, 0.999875, 0.999875, 0.999949, 0.999875, 0.999875, 0.999969, 0.999918, 0.999873, 0.999873, 0.999942, 0.999567, 0.99957, 0.99957, 0.999803, 0.999329, 0.99957, 0.99957, 0.99957, 0.99957, 0.999724, 0.99957, 0.99957, 0.99957, 0.999724, 0.99957, 0.99957, 0.99957, 0.999693, 0.99957, 0.99957, 0.99957, 0.99957, 0.999724, 0.99957, 0.999803, 0.99957, 0.999567, 0.999564, 0.999801, 0.999564, 0.999818, 0.999564, 0.999564, 0.999564, 0.999719, 
0.999564, 0.999801, 0.999564, 0.999719, 0.999564, 0.999801, 0.999564, 0.999564, 0.999564, 0.999564, 0.999564, 0.999564, 0.999564, 0.999761, 0.99994, 0.999868, 0.999953, 0.999868, 0.999868, 0.999868, 0.999868, 0.99994, 0.99994, 0.999811, 0.999977, 0.999811, 0.999899, 0.999811, 0.999934, 0.999868, 0.999709, 0.999868, 0.999953, 0.999868, 0.99994, 0.999868, 0.999868, 0.999868, 0.999868, 0.999868, 0.999953, 0.999868, 0.999868, 0.99994, 0.999983, 0.999868, 0.999868, 0.99994, 0.999868, 0.999868, 0.999868, 0.999868, 0.999564, 0.999564, 0.999564, 0.999564, 0.999873, 0.999873, 0.999873, 0.999873, 0.999873, 0.999918, 0.999873, 0.999873, 0.999992, 0.999918, 0.999873, 0.999873, 0.999969, 0.999947, 0.999873, 0.999873, 0.999873, 0.999918, 0.999873, 0.999873, 0.999873, 0.999874, 0.999875, 0.999875, 0.999875, 0.99998, 0.999875, 0.999875, 0.999875, 0.99998, 0.999875, 0.999875, 0.999875, 0.99992, 0.999875, 0.999973, 0.999998, 1, 0.999999, 0.999999, 1, 1, 0.999999, 0.999999, 1, 1, 1, 1, 1, 1, 1, 1, 1, 1, 1, 1, 1, 1, 1, 1, 1, 1, 1, 1, 1, 1, 1, 1, 1, 1, 1, 1, 1, 1, 1, 1, 1, 1, 1, 1, 1, 1, 1, 1, 1, 1, 1, 1, 1, 1, 1, 1, 1, 1, 1, 1, 1, 1, 1, 1, 1, 1, 1, 1, 1, 1, 1, 1, 1, 1, 1, 1, 1, 1, 1, 1, 1, 1, 0.999999, 0.999999, 0.999999, 0.999999, 0.999999, 0.999999, 0.999999, 1, 0.999999, 0.999994, 0.999993, 0.999993, 0.999992, 0.999973, 0.999973, 0.999992, 0.999992, 0.999973, 0.999942, 0.99992, 0.999973, 0.999999, 0.999999, 1, 0.999985, 0.999999, 
0.999999, 1, 0.999999, 0.999999, 0.999999, 0.999999, 0.999999, 1, 0.999999, 0.999999, 1, 0.999996, 0.999994, 0.999994, 0.999999, 0.999942, 0.999973, 0.999973, 0.999993, 0.99991, 0.999973, 0.999973, 0.999973, 0.999973, 0.999992, 0.999973, 0.999973, 0.999973, 0.999992, 0.999973, 0.999973, 0.999973, 0.99991, 0.999973, 0.999973, 0.999993, 0.999973, 0.999992, 0.999973, 0.999993, 0.999973, 0.999942, 0.999875, 0.999875, 0.999875, 0.999949, 0.999875, 0.999969, 0.999875, 0.99992, 0.999875, 0.999969, 0.999875, 0.99992, 0.999875, 0.999969, 0.999875, 0.999875, 0.999875, 0.999875, 0.999875, 0.999875, 0.999875, 0.999874, 0.999969, 0.999873, 0.999918, 0.999873, 0.999873, 0.999873, 0.999873, 0.999969, 0.999969, 0.999564, 0.999818, 0.999801, 0.999564, 0.999564, 0.999719, 0.999873, 0.999486, 0.999873, 0.999918, 0.999873, 0.999873, 0.999873, 0.999873, 0.999873, 0.999873, 0.999969, 0.999918, 0.999873, 0.999873, 0.999969, 0.999947, 0.999873, 0.999873, 0.999969, 0.999873, 0.999873, 0.999873, 0.999873, 0.999875, 0.999875, 0.999875, 0.999875, 0.999994, 0.999994, 0.999994, 0.999994, 0.999994, 0.999996, 0.999994, 0.999994, 1, 0.999996, 0.999994, 0.999994, 0.999994, 0.999996, 0.999994, 0.999994, 0.999994, 0.999998, 0.999994, 0.999994, 0.999994, 1, 0.999999, 0.999999, 0.999999, 1, 0.999999, 0.999999, 0.999999, 1, 1, 0.999999, 0.999999, 1, 0.999999, 1, 1, 1, 1, 1, 1, 1, 1, 1, 1, 1, 1, 1, 1, 1, 1, 1, 1, 1, 1, 1, 1, 1, 1, 1, 1, 1, 1, 1, 1, 1, 1, 1, 1, 1, 1, 1, 1, 1, 1, 1, 1, 1, 1, 1, 1, 1, 1, 1, 1, 1, 1, 1, 1, 1, 1, 1, 1, 1, 
1, 1, 1, 1, 1, 1, 1, 1, 1, 1, 1, 1, 1, 1, 1, 1, 1, 1, 1, 1, 1, 1, 1, 1, 1, 1, 1, 1, 1, 1, 1, 1, 1, 1, 1, 1, 1, 1, 1, 1, 1, 1, 1, 1, 1, 1, 1, 1, 1, 1, 1, 1, 1, 1, 1, 1, 1, 1, 1, 1, 1, 1, 1, 1, 1, 1, 1, 1, 1, 0.999999, 1, 1, 1, 1, 1, 1, 1, 1, 1, 1, 1, 1, 0.999999, 1, 1, 1, 1, 1, 1, 1, 1, 1, 0.999999, 0.999999, 0.999999, 1, 0.999999, 1, 0.999999, 1, 0.999999, 1, 0.999999, 1, 0.999999, 1, 0.999999, 0.999999, 0.999999, 0.999999, 0.999999, 0.999999, 0.999999, 0.999997, 1, 0.999994, 0.999996, 0.999994, 0.999994, 0.999994, 0.999994, 1, 1, 0.999875, 0.999949, 0.999969, 0.999875, 0.999875, 0.99992, 0.999994, 0.999889, 0.999994, 0.999994, 0.999994, 0.999994, 0.999994, 0.999996, 0.999994, 0.999994, 1, 0.999996, 0.999994, 0.999994, 1, 0.999996, 0.999994, 0.999994, 1, 0.999996, 0.999994, 0.999994, 0.999889, 0.999999, 1, 0.999999, 0.999999, 1, 1, 1, 1, 1, 1, 1, 1, 1, 1, 1, 1, 1, 1, 1, 1, 1, 1, 1, 1, 1, 1, 1, 1, 1, 1, 1, 1, 1, 1, 1, 1, 1, 1, 1, 1, 1, 1, 1, 1, 1, 1, 1, 1, 
1, 1, 1, 1, 1, 1, 1, 1, 1, 1, 1, 1, 1, 1, 1, 1, 1, 1, 1, 1, 1, 1, 1, 1, 1, 1, 1, 1, 1, 1, 1, 1, 1, 1, 1, 1, 1, 1, 1, 1, 1, 1, 1, 1, 1, 1, 1, 1, 1, 1, 1, 1, 1, 1, 1, 1, 1, 1, 1, 1, 1, 1, 1, 1, 1, 1, 1, 1, 1, 1, 1, 1, 1, 1, 1, 1, 1, 1, 1, 1, 1, 1, 1, 1, 1, 1, 1, 1, 1, 1, 1, 1, 1, 1, 1, 1, 1, 1, 1, 1, 1, 1, 1, 1, 1, 1, 1, 1, 1, 1, 1, 1, 1, 1, 1, 1, 1, 1, 1, 1, 1, 1, 1, 1, 1, 1, 1, 1, 1, 1, 1, 1, 1, 1, 1, 1, 1, 1, 1, 1, 1, 1, 1, 1, 1, 1, 1, 1, 1, 1, 1, 1, 1, 1, 1, 1, 1, 1, 1, 1, 1, 1, 1, 1, 1, 1, 1, 1, 1, 1, 1, 1, 1, 0.999999, 1, 1, 0.999999, 0.999999, 1, 1, 0.999998, 1, 1, 1, 1, 1, 1, 1, 1, 1, 1, 1, 1, 1, 1, 1, 1, 1, 1, 1, 
1, 0.999998, 1, 1, 1, 1, 1, 1, 1, 1, 1, 1, 1, 1, 1, 1, 1, 1, 1, 1, 1, 1, 1, 1, 1, 1, 1, 1, 1, 1, 1, 1, 1, 1, 1, 1, 1, 1, 1, 1, 1, 1, 1, 1, 1, 1, 1, 1, 1, 1, 1, 0.999999, 1, 1, 1, 1, 0.999999, 1, 1, 1, 1, 1, 1, 1, 1, 1, 1, 1, 1, 1, 1, 1, 1, 1, 1, 1, 1, 1, 1, 1, 1, 1, 1, 1, 1, 1, 1, 1, 1, 1, 1, 1, 1, 1, 1, 1, 1, 1, 1, 1, 1, 1, 1, 1, 1, 1, 1, 1, 1, 1, 1, 1, 1, 1, 1, 1, 1, 1, 1, 1, 1, 1, 1, 1, 1, 1, 1, 1, 1, 1, 1, 1, 1, 1, 1, 1, 1, 1, 1, 1, 1, 1, 1, 1, 1, 1, 1, 1, 1, 1, 1, 1, 1, 1, 1, 1, 1, 1, 1, 1, 1, 1, 1, 1, 1, 1, 1, 1, 1, 1, 1, 1, 1, 1, 1, 1, 1, 1, 1, 1, 1, 1, 1, 1, 1, 1, 1, 1, 1, 1, 1, 1, 1, 1, 1, 1, 1, 1, 1, 1, 
1, 1, 1, 1, 1, 1, 1, 1, 1, 1, 1, 1, 1, 1, 1, 1, 1, 1, 1, 1, 1, 1, 1, 1, 1, 1, 1, 1, 1, 1, 1, 1, 1, 1, 1, 1, 1, 1, 1, 1, 1, 1, 1, 1, 1, 1, 1, 1, 1, 1, 1, 1, 1, 1, 1, 1, 1, 1, 1, 1, 1, 1, 1, 1, 1, 1, 1, 1, 1, 1, 1, 1, 1, 1, 1, 1, 1, 1, 1, 1, 1, 1, 1, 1, 1, 1, 1, 1, 1, 1, 1, 1, 1, 1, 1, 1, 1, 1, 1, 1, 0.999973, 0.99991, 0.999973, 0.999973, 0.999942, 0.99992, 0.999875, 0.999973, 0.999973, 0.999992, 0.999993, 0.999973, 0.999973, 0.999998, 0.999999, 0.999999, 0.999999, 0.999999, 0.999999, 1, 0.999999, 0.999999, 0.999999, 0.999999, 0.999999, 0.999999, 1, 1, 1, 1, 1, 1, 1, 1, 1, 1, 1, 1, 1, 1, 1, 1, 1, 1, 1, 1, 1, 1, 1, 1, 1, 1, 1, 1, 1, 1, 1, 1, 1, 1, 1, 1, 1, 1, 1, 1, 1, 1, 1, 1, 1, 1, 1, 1, 1, 1, 1, 1, 1, 1, 1, 1, 1, 1, 1, 1, 1, 1, 1, 1, 1, 1, 1, 1, 1, 1, 1, 1, 1, 1, 
1, 1, 1, 1, 1, 1, 1, 1, 1, 1, 1, 1, 1, 1, 1, 1, 1, 1, 1, 1, 1, 1, 1, 1, 1, 1, 1, 1, 1, 1, 1, 1, 1, 1, 1, 1, 1, 1, 1, 1, 1, 1, 1, 1, 1, 1, 1, 1, 1, 1, 1, 1, 1, 1, 1, 1, 1, 1, 1, 1, 1, 1, 1, 1, 1, 1, 1, 1, 1, 1, 1, 1, 1, 1, 1, 1, 1, 1, 1, 1, 1, 1, 1, 1, 1, 1, 1, 1, 1, 1, 1, 1, 1, 1, 1, 1, 1, 1, 1, 1, 1, 1, 1, 1, 1, 1, 1, 1, 1, 1, 1, 1, 1, 1, 1, 1, 1, 1, 1, 1, 1, 1, 1, 1, 1, 1, 1, 1, 1, 1, 1, 1, 1, 1, 1, 1, 1, 1, 1, 1, 1, 1, 1, 1, 1, 1, 1, 1, 1, 1, 0.99957, 0.999329, 0.99957, 0.99957, 0.999567, 0.999719, 0.999564, 0.99957, 0.99957, 0.999724, 0.999803, 0.99957, 0.99957, 0.999823, 0.999908, 0.999908, 0.999908, 0.999908, 0.999908, 0.999958, 0.999908, 0.999908, 0.999908, 0.999908, 0.999908, 0.999908, 1, 0.999998, 0.999996, 0.999996, 0.999996, 0.999996, 0.999996, 0.999996, 0.999996, 0.999998, 0.999999, 0.999999, 1, 0.999999, 1, 1, 1, 1, 1, 1, 1, 1, 1, 1, 
1, 1, 1, 1, 1, 1, 1, 1, 1, 1, 1, 1, 1, 1, 1, 1, 1, 1, 1, 1, 1, 1, 1, 1, 1, 1, 1, 1, 1, 1, 1, 1, 1, 1, 1, 1, 1, 1, 1, 1, 1, 1, 1, 1, 1, 1, 1, 1, 1, 1, 1, 1, 1, 1, 1, 1, 1, 1, 1, 1, 1, 1, 1, 1, 1, 1, 1, 1, 1, 1, 1, 1, 1, 1, 1, 1, 1, 1, 1, 1, 1, 1, 1, 1, 1, 1, 1, 1, 1, 1, 1, 1, 1, 1, 1, 1, 1, 1, 1, 1, 1, 1, 1, 1, 1, 1, 1, 1, 1, 1, 1, 1, 1, 1, 1, 1, 1, 1, 1, 1, 1, 1, 1, 1, 1, 1, 1, 1, 1, 1, 1, 1, 1, 1, 1, 1, 1, 1, 1, 1, 1, 1, 1, 1, 1, 1, 1, 1, 1, 1, 1, 1, 1, 1, 1, 1, 1, 1, 1, 1, 1, 1, 1, 1, 1, 1, 1, 1, 1, 1, 1, 1, 1, 1, 1, 1, 1, 1, 1, 1, 1, 1, 1, 1, 1, 1, 1, 1, 1, 1, 1, 1, 1, 1, 1, 1, 1, 1, 0.9999, 1, 
0.999387, 0.999044, 0.999387, 0.999387, 0.999881, 0.999811, 0.999811, 0.999387, 0.999387, 0.999604, 0.999667, 0.999387, 0.999387, 0.999744, 0.999395, 0.999395, 0.999395, 0.999395, 0.999395, 0.999672, 0.999395, 0.999612, 0.999395, 0.999395, 0.999395, 0.999057, 0.999962, 0.99993, 0.999871, 0.999871, 0.999871, 0.999871, 0.999871, 0.999871, 0.999871, 0.999891, 0.999908, 0.999908, 0.999973, 0.999908, 0.999958, 0.999996, 1, 0.999996, 0.999998, 0.999996, 0.999996, 0.999996, 1, 0.999999, 0.999982, 0.999999, 1, 0.999999, 0.999999, 0.999982, 0.999999, 0.999999, 0.999999, 0.999999, 0.999999, 0.999996, 0.999999, 0.999999, 1, 0.999999, 1, 1, 1, 1, 1, 1, 1, 1, 1, 1, 1, 1, 1, 1, 1, 1, 1, 1, 1, 1, 1, 1, 1, 1, 1, 1, 1, 1, 1, 1, 1, 1, 1, 1, 1, 1, 1, 1, 1, 1, 1, 1, 1, 1, 1, 1, 1, 1, 1, 1, 1, 1, 1, 1, 1, 1, 1, 1, 1, 1, 1, 1, 1, 1, 1, 1, 1, 1, 1, 1, 1, 1, 1, 1, 1, 1, 1, 1, 1, 1, 1, 1, 1, 1, 1, 1, 1, 1, 1, 1, 1, 1, 1, 1, 1, 1, 1, 1, 1, 1, 1, 1, 1, 1, 1, 1, 1, 1, 1, 1, 1, 1, 1, 1, 1, 1, 1, 1, 1, 1, 1, 1, 1, 1, 1, 1, 1, 1, 1, 1, 1, 1, 1, 1, 
1, 1, 1, 1, 1, 1, 1, 1, 1, 1, 1, 1, 1, 1, 1, 1, 1, 1, 1, 1, 1, 1, 1, 1, 1, 1, 1, 1, 1, 1, 1, 1, 1, 1, 1, 1, 1, 1, 1, 1, 1, 1, 1, 0.999999, 1, 0.999999, 0.999999, 0.999999, 1, 0.999999, 0.999628, 0.999628, 0.999628, 0.999628, 0.999228, 0.999228, 0.999228, 0.999628, 0.999628, 0.999873, 0.999723, 0.999628, 0.999628, 0.999955, 0.998817, 0.998817, 0.998817, 0.998817, 0.998817, 0.999109, 0.998817, 0.999236, 0.998817, 0.998817, 0.998817, 0.998825, 0.998833, 0.999121, 0.998833, 0.998833, 0.998833, 0.998833, 0.998833, 0.998833, 0.998833, 0.999367, 0.999672, 0.999395, 0.999612, 0.999395, 0.999395, 0.999871, 0.999962, 0.999871, 0.99993, 0.999871, 0.999962, 0.999871, 0.99993, 0.999908, 0.99969, 0.999908, 0.999958, 0.999908, 0.999908, 0.99969, 0.999908, 0.999908, 0.999908, 0.999908, 0.999908, 0.9998, 0.999908, 0.999908, 0.999973, 0.999908, 0.999958, 0.999951, 0.999992, 0.999993, 0.999993, 0.999973, 0.999998, 1, 0.999999, 0.999999, 0.999999, 1, 0.999999, 0.999999, 0.999999, 1, 0.999999, 1, 1, 1, 1, 1, 1, 1, 1, 1, 1, 1, 1, 1, 0.999999, 0.999999, 0.999976, 0.999999, 0.999999, 0.999999, 1, 0.999999, 0.999999, 0.999999, 1, 1, 0.999999, 0.999999, 1, 1, 1, 1, 1, 1, 1, 1, 1, 0.999999, 1, 1, 1, 1, 1, 1, 1, 1, 1, 1, 1, 1, 1, 1, 1, 1, 1, 1, 1, 1, 1, 1, 1, 1, 1, 1, 1, 1, 1, 1, 
1, 1, 1, 1, 1, 1, 1, 1, 1, 1, 1, 1, 1, 1, 1, 1, 1, 1, 1, 1, 1, 1, 1, 1, 1, 1, 1, 1, 1, 1, 1, 1, 1, 1, 1, 1, 1, 1, 1, 1, 1, 1, 1, 1, 1, 1, 1, 1, 1, 1, 1, 1, 1, 1, 1, 1, 1, 1, 1, 1, 1, 1, 1, 1, 1, 1, 1, 1, 1, 1, 1, 1, 1, 1, 1, 1, 1, 1, 0.999999, 0.999999, 0.999999, 1, 1, 0.999999, 0.999999, 1, 1, 0.999999, 0.999999, 0.999999, 1, 0.999999, 0.999994, 0.999494, 0.99992, 0.999969, 0.999875, 0.999875, 0.99998, 0.999969, 0.999121, 0.999121, 0.999121, 0.999121, 0.996124, 0.996124, 0.996124, 0.999121, 0.999121, 0.999703, 0.99928, 0.999121, 0.999121, 0.999899, 0.999426, 0.999426, 0.999426, 0.999426, 0.999426, 0.999462, 0.999426, 0.9998, 0.999426, 0.999426, 0.999426, 0.998975, 0.998236, 0.998135, 0.998135, 0.998135, 0.998135, 0.998236, 0.998135, 0.998135, 0.998135, 0.998029, 0.999109, 0.998817, 0.999236, 0.998817, 0.998817, 0.998833, 0.999252, 0.998833, 0.999121, 0.998833, 0.999252, 0.998833, 0.999121, 0.999395, 0.999057, 0.999395, 0.999672, 0.999395, 0.999395, 0.999057, 0.999395, 0.999395, 0.999395, 0.999395, 0.999395, 0.999395, 0.999395, 0.999395, 0.999612, 0.999395, 0.999395, 0.99949, 0.999724, 0.99991, 0.99957, 0.99957, 0.999851, 0.999969, 0.999875, 0.999875, 0.999875, 0.999969, 0.999875, 0.999875, 0.999875, 0.99992, 0.999875, 0.999942, 0.999992, 0.999992, 0.999993, 0.999973, 0.999973, 0.999973, 0.999993, 0.999973, 0.999973, 0.999996, 1, 0.999973, 0.999875, 0.999875, 0.999675, 0.999875, 
0.999875, 0.999875, 0.99992, 0.999875, 0.999875, 0.999875, 0.99992, 0.999992, 0.999875, 0.999875, 0.99992, 1, 0.999994, 0.999996, 0.999999, 0.999994, 0.999973, 0.999973, 0.999973, 0.999892, 0.999973, 0.999973, 0.999973, 0.999973, 0.999993, 0.999973, 0.999973, 0.999973, 0.999993, 0.999973, 0.999973, 0.999973, 0.999973, 0.999973, 0.999973, 0.999973, 0.999993, 0.999973, 0.999973, 0.999992, 0.999973, 0.999999, 0.999999, 1, 0.999999, 1, 0.999999, 1, 0.999999, 1, 0.999999, 0.999999, 0.999999, 1, 0.999999, 0.999999, 0.999999, 1, 0.999999, 0.999999, 0.999999, 0.999999, 0.999999, 1, 1, 1, 1, 1, 1, 1, 1, 1, 1, 1, 1, 1, 1, 1, 1, 1, 1, 1, 1, 1, 1, 1, 1, 1, 1, 1, 1, 1, 1, 1, 1, 1, 1, 1, 1, 1, 1, 1, 1, 0.999999, 0.999999, 0.999999, 0.999996, 0.999994, 0.999994, 0.999994, 0.999994, 0.999996, 1, 0.999994, 0.999996, 0.999996, 1, 0.999994, 0.999996, 0.999994, 1, 0.999994, 0.999994, 0.999994, 1, 0.999994, 0.999994, 0.999994, 0.999875, 0.999875, 0.999875, 0.99992, 0.999969, 0.999875, 0.999875, 0.99992, 0.999969, 0.999875, 0.999875, 0.999875, 0.999875, 0.999875, 0.999873, 0.999893, 0.999564, 0.999801, 0.999564, 0.999564, 0.999871, 0.999801, 0.996624, 0.996624, 0.996624, 0.996624, 0.993934, 0.993934, 0.993934, 0.996624, 0.996624, 0.997628, 0.997031, 0.996624, 0.996624, 0.998333, 0.999192, 0.999192, 0.999192, 0.99972, 0.999192, 0.999268, 0.999192, 0.999192, 0.999192, 0.999268, 0.999192, 0.999919, 0.999371, 0.999371, 0.999371, 0.998134, 0.999371, 0.999376, 0.999371, 0.999371, 0.999371, 0.9994, 0.999426, 0.999426, 0.9998, 0.999426, 0.999426, 0.998135, 0.998796, 0.998135, 0.998236, 0.998135, 0.998796, 0.998135, 0.998236, 0.998817, 
0.998148, 0.998817, 0.999109, 0.998817, 0.998817, 0.998148, 0.998817, 0.998817, 0.998817, 0.998817, 0.998817, 0.998817, 0.998817, 0.998817, 0.999236, 0.998817, 0.999109, 0.99887, 0.999785, 0.999667, 0.999387, 0.999387, 0.999666, 0.999801, 0.999564, 0.999564, 0.999564, 0.999801, 0.999564, 0.999564, 0.999564, 0.999719, 0.999564, 0.999567, 0.999724, 0.999724, 0.999803, 0.99957, 0.99957, 0.99957, 0.999803, 0.99957, 0.99957, 0.999805, 0.999969, 0.999765, 0.999564, 0.999564, 0.999385, 0.999564, 0.999564, 0.999564, 0.999719, 0.999801, 0.999564, 0.999564, 0.999719, 0.999801, 0.999564, 0.999564, 0.999719, 0.999873, 0.999873, 0.999918, 0.999919, 0.999943, 0.99957, 0.99957, 0.99957, 0.99957, 0.99957, 0.99957, 0.99957, 0.99957, 0.99957, 0.99957, 0.99957, 0.99957, 0.999803, 0.99957, 0.99957, 0.99957, 0.99957, 0.99957, 0.99957, 0.99957, 0.999803, 0.99957, 0.99957, 0.999724, 0.99957, 0.999875, 0.999875, 0.99992, 0.999875, 0.999969, 0.999875, 0.999875, 0.999875, 0.999969, 0.999875, 0.999875, 0.99992, 0.999875, 0.999875, 0.999875, 0.99992, 0.999969, 0.999875, 0.999875, 0.999875, 0.999875, 0.999875, 0.999973, 0.999996, 0.999994, 1, 0.999994, 0.999996, 0.999994, 0.999994, 0.999998, 0.999996, 0.999999, 1, 0.999999, 0.999999, 0.999999, 0.999999, 0.999994, 0.999991, 0.999994, 1, 0.999994, 0.999994, 0.999994, 0.999994, 0.999994, 0.999994, 0.999996, 0.999994, 1, 0.999994, 0.999996, 0.999994, 1, 0.999994, 0.999994, 0.999994, 1, 0.999994, 0.999994, 0.999973, 0.999875, 0.999875, 0.999875, 0.999805, 0.999873, 0.999873, 0.999873, 0.999873, 0.999918, 0.999969, 0.999873, 0.999918, 0.999918, 0.999969, 0.999873, 0.999918, 0.999873, 0.999969, 0.999873, 0.999873, 0.999804, 0.999873, 0.999873, 0.999969, 0.999918, 0.999564, 0.999564, 0.999564, 0.999719, 0.999801, 0.999564, 0.999564, 0.999719, 0.999564, 0.999564, 0.999564, 0.999564, 0.999564, 0.999929, 0.999868, 0.999811, 0.999811, 0.999899, 0.999811, 0.999811, 0.999934, 0.999899, 
0.992014, 0.992505, 0.992505, 0.992505, 0.991572, 0.991572, 0.991572, 0.992505, 0.992505, 0.99296, 0.993505, 0.992505, 0.993383, 0.992505, 0.995857, 0.997096, 0.995857, 0.995857, 0.995857, 0.996385, 0.995857, 0.995857, 0.995857, 0.996385, 0.995857, 0.998613, 0.999051, 0.999051, 0.999051, 0.997183, 0.999051, 0.999146, 0.999051, 0.999051, 0.999051, 0.999136, 0.999192, 0.999192, 0.99972, 0.999192, 0.999192, 0.999371, 0.999779, 0.999371, 0.999376, 0.999371, 0.999779, 0.999371, 0.999376, 0.999426, 0.998218, 0.999426, 0.999462, 0.999426, 0.999426, 0.998218, 0.999426, 0.999426, 0.999426, 0.999426, 0.999426, 0.999426, 0.999426, 0.999426, 0.9998, 0.999462, 0.999426, 0.999628, 0.999873, 0.999723, 0.999628, 0.999628, 0.999908, 0.999899, 0.999811, 0.999811, 0.999811, 0.999899, 0.999811, 0.999811, 0.999811, 0.999934, 0.999811, 0.999663, 0.999604, 0.999604, 0.999667, 0.999387, 0.999387, 0.999387, 0.999667, 0.999387, 0.999387, 0.999324, 0.999801, 0.999843, 0.999811, 0.999811, 0.999878, 0.999811, 0.999811, 0.999811, 0.999934, 0.999899, 0.999811, 0.999811, 0.999934, 0.999899, 0.999811, 0.999811, 0.999934, 0.999868, 0.999868, 0.999953, 0.999845, 0.999763, 0.999387, 0.999387, 0.999387, 0.999387, 0.999387, 0.999387, 0.999387, 0.999387, 0.999387, 0.999387, 0.999387, 0.999387, 0.999667, 0.999387, 0.999387, 0.999387, 0.999387, 0.999387, 0.999387, 0.999387, 0.999667, 0.999387, 0.999387, 0.999604, 0.999387, 0.999564, 0.999564, 0.999719, 0.999564, 0.999801, 0.999564, 0.999564, 0.999564, 0.999801, 0.999564, 0.999564, 0.999719, 0.999564, 0.999564, 0.999564, 0.999719, 0.999801, 0.999564, 0.999564, 0.999564, 0.999564, 0.999564, 0.999765, 0.999918, 0.999873, 0.999969, 0.999873, 0.999918, 0.999873, 0.999873, 0.999947, 0.999918, 0.999875, 0.999969, 0.999875, 0.999875, 0.999875, 0.999969, 0.999873, 0.999804, 0.999873, 0.999969, 0.999873, 0.999873, 0.999873, 0.999873, 0.999873, 0.999873, 0.999873, 0.999873, 0.999969, 0.999873, 0.999947, 0.999873, 0.999969, 0.999873, 0.999873, 0.999873, 0.999873, 
0.999969, 0.999873, 0.999204, 0.999801, 0.999564, 0.999564, 0.999564, 0.999868, 0.999868, 0.999868, 0.999868, 0.999953, 0.99994, 0.999868, 0.999953, 0.999953, 0.99994, 0.999868, 0.999953, 0.999868, 0.999868, 0.999868, 0.999868, 0.999625, 0.99994, 0.999868, 0.999868, 0.999953, 0.999915, 0.999811, 0.999811, 0.999934, 0.999811, 0.999811, 0.999811, 0.999934, 0.999811, 0.999899, 0.999811, 0.999811, 0.999811, 0.999892, 0.999691, 0.998676, 0.999228, 0.999516, 0.999228, 0.999228, 0.999747, 0.999679, 0.983512, 0.98384, 0.98384, 0.98384, 0.983211, 0.983211, 0.983211, 0.98384, 0.98384, 0.984136, 0.988016, 0.98384, 0.984136, 0.985682, 0.989522, 0.986785, 0.986785, 0.986785, 0.986785, 0.986785, 0.986785, 0.986785, 0.986785, 0.989522, 0.986785, 0.99148, 0.993357, 0.993357, 0.993357, 0.989873, 0.993357, 0.994382, 0.993357, 0.993357, 0.993357, 0.995089, 0.995857, 0.995857, 0.997096, 0.995857, 0.995857, 0.999051, 0.999677, 0.999051, 0.999146, 0.999051, 0.999677, 0.999051, 0.999146, 0.999192, 0.997656, 0.999192, 0.999268, 0.999192, 0.999192, 0.997656, 0.999192, 0.999192, 0.999192, 0.999192, 0.999192, 0.999192, 0.999192, 0.999192, 0.99972, 0.999268, 0.999192, 0.999121, 0.999703, 0.99928, 0.999121, 0.999121, 0.999734, 0.999516, 0.999228, 0.999228, 0.999228, 0.998523, 0.999228, 0.999228, 0.999228, 0.999916, 0.999228, 0.99956, 0.999873, 0.999873, 0.999723, 0.999628, 0.999628, 0.999628, 0.999723, 0.999628, 0.999628, 0.9994, 0.999899, 0.999518, 0.999228, 0.999228, 0.999575, 0.999228, 0.999228, 0.999228, 0.999747, 0.999516, 0.999228, 0.999228, 0.999747, 0.999516, 0.999228, 0.999228, 0.999747, 0.999691, 0.999691, 0.999896, 0.999932, 0.999858, 0.999628, 0.999873, 0.999628, 0.999628, 0.999628, 0.998729, 0.999628, 0.999628, 0.999628, 0.999628, 0.999628, 0.999628, 0.999723, 0.999628, 0.999628, 0.999628, 0.999628, 0.999628, 0.999628, 0.999628, 0.999723, 0.999628, 0.999628, 0.999873, 0.999628, 0.999811, 0.999811, 0.999934, 0.999811, 0.999899, 0.999811, 0.999811, 0.999811, 0.999899, 
0.999811, 0.999811, 0.999934, 0.999811, 0.999811, 0.999811, 0.999934, 0.999899, 0.999811, 0.999811, 0.999811, 0.999811, 0.999811, 0.999843, 0.999953, 0.999868, 0.99994, 0.999868, 0.999953, 0.999868, 0.999868, 0.999983, 0.999953, 0.999564, 0.999801, 0.999564, 0.999564, 0.999564, 0.999801, 0.999868, 0.999625, 0.999868, 0.99994, 0.999868, 0.999868, 0.999868, 0.999868, 0.999868, 0.999868, 0.999868, 0.999868, 0.99994, 0.999868, 0.999983, 0.999868, 0.99994, 0.999868, 0.999868, 0.999868, 0.999868, 0.999868, 0.999868, 0.999798, 0.999811, 0.999811, 0.999811, 0.999811, 0.999691, 0.999866, 0.999691, 0.999691, 0.999896, 0.999866, 0.999691, 0.999691, 0.999896, 0.999866, 0.999691, 0.999691, 0.999896, 0.999691, 0.999691, 0.999691, 0.999691, 0.999866, 0.999691, 0.999691, 0.999896, 0.999793, 0.999228, 0.999228, 0.999747, 0.999228, 0.999228, 0.999228, 0.999747, 0.999228, 0.999516, 0.999228, 0.999228, 0.999228, 0.998329, 0.996333, 0.996372, 0.996124, 0.996952, 0.996124, 0.996124, 0.997289, 0.996966, 0.953431, 0.95388, 0.95388, 0.95388, 0.953017, 0.953017, 0.953017, 0.95388, 0.95388, 0.954715, 0.967345, 0.95388, 0.954308, 0.95692, 0.969576, 0.958846, 0.958846, 0.958846, 0.958846, 0.958846, 0.958846, 0.958846, 0.958846, 0.969576, 0.958846, 0.967859, 0.971919, 0.971919, 0.971919, 0.965014, 0.971919, 0.977559, 0.971919, 0.971919, 0.971919, 0.98218, 0.986785, 0.986785, 0.988016, 0.986785, 0.986785, 0.994382, 0.995477, 0.993357, 0.994382, 0.993357, 0.995477, 0.993357, 0.993357, 0.995857, 0.994076, 0.995857, 0.996385, 0.995857, 0.995857, 0.994076, 0.995857, 0.995857, 0.995857, 0.995857, 0.995857, 0.995857, 0.995857, 0.995857, 0.997096, 0.996385, 0.995857, 0.996624, 0.997628, 0.997031, 0.996624, 0.996624, 0.997545, 0.996952, 0.996124, 0.996124, 0.996124, 0.99565, 0.996124, 0.996124, 0.996124, 0.9981, 0.996124, 0.998163, 0.999899, 0.999703, 0.99928, 0.999121, 0.997374, 0.999121, 0.99928, 0.999121, 0.999121, 0.997591, 0.999516, 0.996372, 0.996124, 0.996124, 0.99587, 0.996124, 
0.996124, 0.996124, 0.997289, 0.996952, 0.996124, 0.996124, 0.996124, 0.996952, 0.996124, 0.996124, 0.9981, 0.996333, 0.996333, 0.997457, 0.999459, 0.999469, 0.999121, 0.999703, 0.999121, 0.999121, 0.999121, 0.997374, 0.999121, 0.999121, 0.999121, 0.999121, 0.999121, 0.999121, 0.99928, 0.999121, 0.999121, 0.999121, 0.999121, 0.999121, 0.999121, 0.999121, 0.99928, 0.999121, 0.999121, 0.999703, 0.999121, 0.999228, 0.999228, 0.999747, 0.999228, 0.999516, 0.999228, 0.999228, 0.999228, 0.999516, 0.999228, 0.999228, 0.999747, 0.999228, 0.999228, 0.999228, 0.999747, 0.999516, 0.999228, 0.999228, 0.999228, 0.999228, 0.999228, 0.999518, 0.999896, 0.999691, 0.999866, 0.999691, 0.999896, 0.999691, 0.999691, 0.999988, 0.999691, 0.999811, 0.999899, 0.999811, 0.999811, 0.999811, 0.999899, 0.999691, 0.999059, 0.999691, 0.999691, 0.999691, 0.999691, 0.999691, 0.999691, 0.999866, 0.999691, 0.999691, 0.999691, 0.999866, 0.999691, 0.999896, 0.999691, 0.999866, 0.999691, 0.999896, 0.999691, 0.999691, 0.999691, 0.999691, 0.998516, 0.999228, 0.999228, 0.999228, 0.999228, 0.996333, 0.997787, 0.996333, 0.996333, 0.996333, 0.997787, 0.996333, 0.996333, 0.998225, 0.996333, 0.996333, 0.996333, 0.997457, 0.997787, 0.996333, 0.996333, 0.996333, 0.997787, 0.996333, 0.996333, 0.997457, 0.996124, 0.996124, 0.996124, 0.997289, 0.996124, 0.996952, 0.996124, 0.996124, 0.996124, 0.996952, 0.996124, 0.996124, 0.997289, 0.994775, 0.992932, 0.994717, 0.993934, 0.994677, 0.993934, 0.993934, 0.994367, 0.995576, 0.923081, 0.923158, 0.923158, 0.923158, 0.923003, 0.923003, 0.923003, 0.923158, 0.923158, 0.923312, 0.941542, 0.923158, 0.923235, 0.924336, 0.942537, 0.925316, 0.925316, 0.925316, 0.925316, 0.925316, 0.925316, 0.942537, 0.925316, 0.925316, 0.925316, 0.932212, 0.936321, 0.936321, 0.936321, 0.936321, 0.936321, 0.94862, 0.936321, 0.936321, 0.930516, 0.949438, 0.958846, 0.958846, 0.960985, 0.958846, 0.969576, 0.971919, 0.976464, 0.971919, 0.977559, 0.971919, 0.976464, 0.971919, 0.971919, 0.986785, 
0.985231, 0.986785, 0.989522, 0.988016, 0.986785, 0.985231, 0.986785, 0.986785, 0.986785, 0.986785, 0.985231, 0.986785, 0.986785, 0.986785, 0.988016, 0.989522, 0.986785, 0.992505, 0.99296, 0.993505, 0.992505, 0.992505, 0.993775, 0.994677, 0.993934, 0.993934, 0.993934, 0.994346, 0.993934, 0.993934, 0.993934, 0.994626, 0.993934, 0.995476, 0.998333, 0.997628, 0.997031, 0.996624, 0.995193, 0.996624, 0.997031, 0.996624, 0.996624, 0.994428, 0.996952, 0.993693, 0.993934, 0.993934, 0.992245, 0.993934, 0.993934, 0.993934, 0.994291, 0.994677, 0.993934, 0.993934, 0.993934, 0.994677, 0.993934, 0.993934, 0.994626, 0.992932, 0.992932, 0.99338, 0.996357, 0.997043, 0.996624, 0.997628, 0.996624, 0.996624, 0.996624, 0.995193, 0.996624, 0.996624, 0.996624, 0.996624, 0.996624, 0.996624, 0.997031, 0.996624, 0.996624, 0.996624, 0.996624, 0.996624, 0.996624, 0.996624, 0.997031, 0.996624, 0.996624, 0.997628, 0.996624, 0.996124, 0.996124, 0.997289, 0.996124, 0.996952, 0.996124, 0.996124, 0.996124, 0.996952, 0.996124, 0.996124, 0.997289, 0.996124, 0.996124, 0.996124, 0.997289, 0.996952, 0.996124, 0.996124, 0.996124, 0.996124, 0.996124, 0.996372, 0.997457, 0.996333, 0.997787, 0.996333, 0.997457, 0.997457, 0.996333, 0.998225, 0.996333, 0.999228, 0.999516, 0.999228, 0.999228, 0.999228, 0.999516, 0.996333, 0.994634, 0.996333, 0.996333, 0.996333, 0.996333, 0.996333, 0.996333, 0.997787, 0.996333, 0.996333, 0.996333, 0.997787, 0.996333, 0.997457, 0.996333, 0.996333, 0.996333, 0.997457, 0.996333, 0.997787, 0.996333, 0.996333, 0.994747, 0.996124, 0.996124, 0.996124, 0.996124, 0.992932, 0.994503, 0.992932, 0.992932, 0.992932, 0.992932, 0.992932, 0.992932, 0.993791, 0.994503, 0.992932, 0.992932, 0.99338, 0.994503, 0.992932, 0.992932, 0.992932, 0.994503, 0.992932, 0.992932, 0.99338, 0.991707, 0.994677, 0.993934, 0.994291, 0.993934, 0.994677, 0.993934, 0.993934, 0.993934, 0.993934, 0.993934, 0.993934, 0.994291, 0.994371, 0.993212, 0.986686, 0.991572, 0.991572, 0.992736, 0.991572, 0.991616, 0.991573, 
0.953017, 0.953073, 0.953017, 0.953017, 0.953017, 0.953017, 0.95296, 0.95296, 0.95296, 0.95296, 0.967045, 0.95296, 0.95296, 0.952988, 0.967059, 0.953017, 0.953017, 0.953017, 0.967059, 0.953017, 0.953017, 0.953045, 0.953017, 0.953017, 0.953017, 0.953458, 0.95388, 0.95388, 0.95388, 0.95388, 0.95388, 0.967345, 0.95388, 0.95388, 0.953431, 0.942111, 0.925316, 0.925316, 0.9274, 0.925316, 0.942021, 0.936321, 0.940901, 0.936321, 0.94862, 0.936321, 0.940901, 0.936321, 0.936321, 0.958846, 0.958846, 0.958846, 0.969576, 0.958846, 0.958846, 0.95623, 0.958846, 0.958846, 0.958846, 0.958846, 0.95623, 0.969576, 0.958846, 0.958846, 0.960985, 0.958846, 0.958846, 0.98384, 0.984406, 0.987908, 0.98384, 0.98384, 0.989598, 0.992736, 0.991572, 0.991572, 0.991572, 0.992703, 0.991572, 0.991572, 0.991572, 0.99166, 0.991572, 0.992055, 0.993383, 0.99296, 0.993505, 0.992505, 0.992014, 0.992505, 0.993505, 0.992505, 0.992505, 0.993555, 0.993934, 0.993212, 0.991572, 0.991572, 0.991616, 0.991572, 0.991572, 0.991572, 0.991616, 0.992736, 0.991572, 0.991572, 0.991572, 0.992736, 0.991572, 0.991572, 0.99166, 0.993212, 0.993212, 0.993243, 0.993962, 0.994391, 0.992505, 0.99296, 0.992505, 0.992505, 0.992505, 0.992014, 0.992505, 0.992505, 0.992505, 0.992505, 0.992505, 0.992505, 0.993505, 0.992505, 0.992505, 0.992014, 0.992505, 0.992505, 0.992505, 0.99296, 0.993505, 0.992505, 0.992505, 0.99296, 0.992505, 0.993934, 0.993934, 0.993934, 0.993934, 0.994677, 0.993934, 0.993934, 0.994291, 0.994677, 0.993934, 0.993934, 0.994291, 0.993934, 0.993934, 0.993934, 0.994291, 0.994677, 0.993934, 0.993934, 0.993934, 0.993934, 0.993934, 0.993693, 0.99338, 0.992932, 0.994503, 0.992932, 0.993791, 0.992932, 0.992932, 0.993791, 0.992932, 0.996124, 0.996952, 0.996124, 0.996124, 0.996124, 0.997132, 0.992441, 0.992441, 0.992932, 0.992932, 0.992932, 0.992932, 0.992441, 0.99338, 0.994503, 0.992932, 0.992932, 0.992932, 0.994503, 0.992932, 0.99338, 0.992932, 0.992932, 0.992932, 0.99338, 0.992932, 0.994503, 
0.992932, 0.992932, 0.993289, 0.993934, 0.993934, 0.993934, 0.993934, 0.993212, 0.994048, 0.993212, 0.993212, 0.993212, 0.993212, 0.993212, 0.993212, 0.993274, 0.994048, 0.993212, 0.993212, 0.993243, 0.993212, 0.993212, 0.993212, 0.993212, 0.993212, 0.994048, 0.993212, 0.993243, 0.992595, 0.992736, 0.991572, 0.991616, 0.991572, 0.991572, 0.991572, 0.991572, 0.991572, 0.992736, 0.991572, 0.991572, 0.991616, 0.991528, 0.991482, 0.989425, 0.983211, 0.983211, 0.987688, 0.983211, 0.983245, 0.983244, 0.983211, 0.983276, 0.983211, 0.983211, 0.983211, 0.983212, 0.983144, 0.983144, 0.983146, 0.983146, 0.987677, 0.983144, 0.983147, 0.983144, 0.987677, 0.983144, 0.983146, 0.983142, 0.987676, 0.983142, 0.983142, 0.983142, 0.983142, 0.983142, 0.983142, 0.983143, 0.983144, 0.987677, 0.983144, 0.983144, 0.983144, 0.983144, 0.983144, 0.983144, 0.983144, 0.985002, 0.953017, 0.953017, 0.953045, 0.967059, 0.953458, 0.95388, 0.954308, 0.95388, 0.967345, 0.95388, 0.95388, 0.95388, 0.95388, 0.926385, 0.92419, 0.925316, 0.942537, 0.925316, 0.925316, 0.92419, 0.925316, 0.925316, 0.925316, 0.925316, 0.92419, 0.942537, 0.925316, 0.925316, 0.926385, 0.925316, 0.925316, 0.95388, 0.954715, 0.967345, 0.95388, 0.95388, 0.974901, 0.987688, 0.983211, 0.983211, 0.983211, 0.987682, 0.983211, 0.983211, 0.983211, 0.983276, 0.983211, 0.983541, 0.984406, 0.984136, 0.987908, 0.98384, 0.983512, 0.98384, 0.987908, 0.98384, 0.98384, 0.991527, 0.991572, 0.991482, 0.983211, 0.983211, 0.983244, 0.983211, 0.983211, 0.983211, 0.983244, 0.987688, 0.983211, 0.983211, 0.983211, 0.987688, 0.983211, 0.983211, 0.983276, 0.991482, 0.991482, 0.991483, 0.991573, 0.99198, 0.98384, 0.984136, 0.98384, 0.98384, 0.98384, 0.98384, 0.98384, 0.98384, 0.98384, 0.98384, 0.983512, 0.98384, 0.987908, 0.98384, 0.98384, 0.983512, 0.98384, 0.98384, 0.98384, 0.984136, 0.987908, 0.98384, 0.98384, 0.984136, 0.98384, 0.991572, 0.991572, 0.991572, 0.991572, 0.992736, 0.991572, 0.991572, 0.991616, 0.992736, 
0.991572, 0.991572, 0.991616, 0.991572, 0.991572, 0.991572, 0.991616, 0.992736, 0.991572, 0.991572, 0.991572, 0.991572, 0.991572, 0.992595, 0.993243, 0.993212, 0.994048, 0.993243, 0.993243, 0.993212, 0.993212, 0.993274, 0.993212, 0.993934, 0.994677, 0.993934, 0.993934, 0.993934, 0.993962, 0.993181, 0.99315, 0.993212, 0.993212, 0.994048, 0.993212, 0.993212, 0.993212, 0.994048, 0.993212, 0.993243, 0.993212, 0.993212, 0.993212, 0.993243, 0.993212, 0.994048, 0.993212, 0.993243, 0.993212, 0.994048, 0.993212, 0.993212, 0.99256, 0.991572, 0.991572, 0.991572, 0.991572, 0.991482, 0.99267, 0.991482, 0.991482, 0.991483, 0.991482, 0.991482, 0.991482, 0.991484, 0.99267, 0.991482, 0.991482, 0.991483, 0.991482, 0.991482, 0.991482, 0.991482, 0.991482, 0.99267, 0.991482, 0.991483, 0.989425, 0.987688, 0.983211, 0.983211, 0.983211, 0.983244, 0.983211, 0.983211, 0.983211, 0.987688, 0.983211, 0.983211, 0.983211, 0.983211, 0.983144, 0.974672, 0.953045, 0.953017, 0.967059, 0.953017, 0.953045, 0.953017, 0.991616, 0.991616, 0.991572, 0.991572, 0.991616, 0.991482, 0.991482, 0.991482, 0.991483, 0.991483, 0.99267, 0.991482, 0.991484, 0.991482, 0.99267, 0.991482, 0.991483, 0.991481, 0.99267, 0.991481, 0.991481, 0.991481, 0.991481, 0.991481, 0.991481, 0.991481, 0.991481, 0.99267, 0.991481, 0.991481, 0.991481, 0.991481, 0.991481, 0.991481, 0.991481, 0.991904, 0.983142, 0.983142, 0.983142, 0.983142, 0.983143, 0.983144, 0.983146, 0.983144, 0.987677, 0.983144, 0.983146, 0.983144, 0.983144, 0.953017, 0.952988, 0.967059, 0.953017, 0.953017, 0.953017, 0.952988, 0.953017, 0.953017, 0.953017, 0.953017, 0.952988, 0.967059, 0.953017, 0.953017, 0.953045, 0.953017, 0.953017, 0.923158, 0.923312, 0.941542, 0.923158, 0.923158, 0.940753, 0.967059, 0.953017, 0.953017, 0.953017, 0.967052, 0.953017, 0.953017, 0.953017, 0.953073, 0.953017, 0.953458, 0.954715, 0.954308, 0.967345, 0.95388, 0.953431, 0.95388, 0.95388, 0.95388, 0.95388, 0.985017, 0.983211, 0.983144, 0.953017, 0.953017, 0.953045, 0.953017, 
0.953017, 0.953017, 0.953045, 0.967059, 0.953017, 0.953017, 0.953017, 0.967059, 0.953017, 0.953017, 0.953073, 0.983144, 0.983144, 0.983146, 0.983212, 0.983211, 0.967345, 0.954308, 0.95388, 0.95388, 0.95388, 0.95388, 0.95388, 0.95388, 0.95388, 0.95388, 0.953431, 0.95388, 0.967345, 0.95388, 0.95388, 0.953431, 0.95388, 0.95388, 0.95388, 0.954308, 0.967345, 0.95388, 0.95388, 0.95388, 0.95388, 0.983211, 0.983211, 0.987688, 0.983244, 0.983211, 0.983211, 0.983211, 0.983244, 0.987688, 0.983211, 0.983211, 0.983244, 0.983211, 0.983211, 0.983211, 0.983244, 0.987688, 0.983211, 0.983211, 0.983211, 0.983211, 0.983211, 0.989425, 0.991483, 0.991482, 0.99267, 0.991483, 0.991483, 0.991482, 0.991482, 0.991484, 0.991482, 0.991572, 0.992736, 0.991572, 0.991616, 0.991572, 0.991528, 0.991482, 0.991481, 0.991482, 0.991482, 0.99267, 0.991482, 0.991482, 0.991482, 0.99267, 0.991482, 0.991483, 0.991482, 0.991482, 0.991482, 0.991483, 0.991482, 0.99267, 0.991482, 0.991483, 0.991482, 0.991482, 0.991482, 0.99267, 0.986094, 0.983211, 0.987688, 0.983211, 0.983211, 0.983143, 0.987677, 0.983144, 0.983144, 0.983146, 0.983144, 0.983144, 0.983144, 0.983147, 0.987677, 0.983144, 0.983144, 0.983146, 0.983144, 0.983144, 0.983144, 0.983144, 0.983144, 0.987677, 0.983144, 0.983146, 0.974672, 0.953017, 0.967059, 0.953017, 0.953017, 0.953017, 0.953017, 0.953017, 0.953045, 0.967059, 0.953017, 0.953017, 0.953017, 0.953017, 0.95296, 0.940659, 0.94148, 0.923003, 0.923003, 0.923003, 0.923003, 0.923003, 0.994291, 0.994291, 0.993934, 0.993934, 0.994291, 0.993212, 0.993212, 0.993212, 0.993243, 0.993212, 0.994048, 0.993212, 0.993274, 0.993212, 0.994048, 0.993212, 0.993243, 0.99315, 0.993995, 0.99315, 0.99315, 0.99315, 0.99315, 0.99315, 0.99315, 0.99315, 0.99315, 0.993995, 0.99315, 0.99315, 0.99315, 0.99315, 0.99315, 0.99315, 0.99315, 0.993673, 0.991481, 0.991481, 0.991481, 0.991481, 0.991481, 0.991481, 0.991481, 0.991481, 0.99267, 0.991481, 0.991481, 0.991481, 0.991481, 0.983142, 
0.987676, 0.983142, 0.983142, 0.983142, 0.983142, 0.983142, 0.983142, 0.983142, 0.983142, 0.983142, 0.983142, 0.987676, 0.983142, 0.983142, 0.983142, 0.983142, 0.983142, 0.95296, 0.967045, 0.95296, 0.95296, 0.95296, 0.940659, 0.94148, 0.923003, 0.923003, 0.923003, 0.923003, 0.94148, 0.923003, 0.923003, 0.923003, 0.923003, 0.923081, 0.923312, 0.923235, 0.941542, 0.923158, 0.923081, 0.923158, 0.923158, 0.923158, 0.923158, 0.940706, 0.967059, 0.95296, 0.923003, 0.923003, 0.923003, 0.923003, 0.923235, 0.923158, 0.923081, 0.94148, 0.923003, 0.923003, 0.923081, 0.941511, 0.923003, 0.923003, 0.923003, 0.95296, 0.95296, 0.95296, 0.953017, 0.953017, 0.923158, 0.923235, 0.923158, 0.941542, 0.923158, 0.923158, 0.923158, 0.923158, 0.923158, 0.923158, 0.923081, 0.923158, 0.941542, 0.923158, 0.923158, 0.923081, 0.923158, 0.923158, 0.923158, 0.923235, 0.941542, 0.923158, 0.923158, 0.923158, 0.952741, 0.953017, 0.953017, 0.953017, 0.953045, 0.953017, 0.953017, 0.953017, 0.953045, 0.967059, 0.953017, 0.953017, 0.953045, 0.953017, 0.953017, 0.953017, 0.953045, 0.967059, 0.953017, 0.953017, 0.953017, 0.953017, 0.953017, 0.974672, 0.983146, 0.983144, 0.987677, 0.983146, 0.983146, 0.983144, 0.983144, 0.983149, 0.983146, 0.983212, 0.987688, 0.983244, 0.983211, 0.983211, 0.983178, 0.983143, 0.983142, 0.983144, 0.983144, 0.987677, 0.983144, 0.983144, 0.983146, 0.987677, 0.98315, 0.983149, 0.983147, 0.983147, 0.983147, 0.983215, 0.983213, 0.987688, 0.98318, 0.983181, 0.983213, 0.983213, 0.983181, 0.983147, 0.983143, 0.953017, 0.967065, 0.953073, 0.953101, 0.95296, 0.967045, 0.95296, 0.95296, 0.95296, 0.95296, 0.95296, 0.95296, 0.95296, 0.967045, 0.95296, 0.95296, 0.95296, 0.95296, 0.95296, 0.95296, 0.95296, 0.95296, 0.967045, 0.95296, 0.95296, 0.915465, 0.94148, 0.923003, 0.923003, 0.923003, 0.94148, 0.923003, 0.923003, 0.923003, 0.923003, 0.923003, 0.923003, 0.923003, 0.923003, 0.923003, 0.940659, 0.95296, 0.95296, 0.967045, 0.95296, 0.95296, 0.95296, 
0.997289, 0.997289, 0.996952, 0.996124, 0.997289, 0.992932, 0.992932, 0.992932, 0.99338, 0.992932, 0.994503, 0.99338, 0.993791, 0.992932, 0.994503, 0.992932, 0.992932, 0.991999, 0.993831, 0.991999, 0.991948, 0.991999, 0.991999, 0.991949, 0.991899, 0.9919, 0.991899, 0.993769, 0.991899, 0.9919, 0.991899, 0.991899, 0.991899, 0.991899, 0.991898, 0.994, 0.99315, 0.99315, 0.99315, 0.99315, 0.99315, 0.99315, 0.99315, 0.99315, 0.993995, 0.99315, 0.99315, 0.99315, 0.993673, 0.991481, 0.991481, 0.991481, 0.991481, 0.991481, 0.991481, 0.991481, 0.991481, 0.991481, 0.991481, 0.991481, 0.99267, 0.991481, 0.991481, 0.991481, 0.991481, 0.99267, 0.986054, 0.987676, 0.983142, 0.983142, 0.983142, 0.983142, 0.97466, 0.967045, 0.95296, 0.95296, 0.95296, 0.95296, 0.95296, 0.95296, 0.95296, 0.95296, 0.967045, 0.95296, 0.95296, 0.95296, 0.967045, 0.952988, 0.95296, 0.95296, 0.95296, 0.95296, 0.95296, 0.940659, 0.94148, 0.952704, 0.95296, 0.95296, 0.952988, 0.953017, 0.954331, 0.95388, 0.953458, 0.967059, 0.952988, 0.95296, 0.953431, 0.967211, 0.953017, 0.953017, 0.952988, 0.923081, 0.923158, 0.923158, 0.923158, 0.923235, 0.953017, 0.953017, 0.953017, 0.967059, 0.953017, 0.953017, 0.953017, 0.953017, 0.95296, 0.952988, 0.952988, 0.95296, 0.967045, 0.95296, 0.95296, 0.95296, 0.967045, 0.95296, 0.95296, 0.95296, 0.95296, 0.95296, 0.95296, 0.95296, 0.960927, 0.923003, 0.923003, 0.923003, 0.923003, 0.923003, 0.923003, 0.923003, 0.923003, 0.94148, 0.923003, 0.923003, 0.923003, 0.923003, 0.923003, 0.923003, 0.923003, 0.94148, 0.923003, 0.923003, 0.923003, 0.923003, 0.923003, 0.940753, 0.953073, 0.953017, 0.967059, 0.953045, 0.953045, 0.953017, 0.953017, 0.953458, 0.953431, 0.953538, 0.967072, 0.953073, 0.953073, 0.953017, 0.953017, 0.953017, 0.953017, 0.953017, 0.953017, 0.967059, 0.953045, 0.953073, 0.953511, 0.954331, 0.954715, 0.95388, 0.95388, 0.967345, 0.95388, 0.958846, 0.958846, 0.969576, 0.95623, 0.95623, 0.958846, 0.958846, 
0.956583, 0.95388, 0.95296, 0.923003, 0.942021, 0.925316, 0.926385, 0.923158, 0.941511, 0.923003, 0.923081, 0.923158, 0.923081, 0.923003, 0.923003, 0.923003, 0.94148, 0.923003, 0.923003, 0.923003, 0.923003, 0.923003, 0.923003, 0.923003, 0.923158, 0.923003, 0.923003, 0.923003, 0.923003, 0.967045, 0.95296, 0.95296, 0.95296, 0.967045, 0.95296, 0.95296, 0.952988, 0.953017, 0.953017, 0.953073, 0.953017, 0.953017, 0.953017, 0.974672, 0.983144, 0.983144, 0.983144, 0.983146, 0.983144, 0.983144, 0.999747, 0.999228, 0.999516, 0.999228, 0.999747, 0.996333, 0.996333, 0.996333, 0.997457, 0.996333, 0.997787, 0.997457, 0.998225, 0.996333, 0.997787, 0.996333, 0.996333, 0.993129, 0.995911, 0.993129, 0.993129, 0.993129, 0.993129, 0.991972, 0.992048, 0.992121, 0.992048, 0.99532, 0.992048, 0.992121, 0.992048, 0.99532, 0.992048, 0.992048, 0.991975, 0.992242, 0.991899, 0.991898, 0.991899, 0.991896, 0.991896, 0.991896, 0.991898, 0.9919, 0.993769, 0.991899, 0.991899, 0.991898, 0.994, 0.99315, 0.99315, 0.99315, 0.99315, 0.99315, 0.99315, 0.99315, 0.993995, 0.99315, 0.99315, 0.99315, 0.99315, 0.99315, 0.99315, 0.99315, 0.99315, 0.993995, 0.992526, 0.991481, 0.991481, 0.991481, 0.991481, 0.991481, 0.989416, 0.987676, 0.983142, 0.983142, 0.983142, 0.983142, 0.983142, 0.983143, 0.983144, 0.983147, 0.987677, 0.983144, 0.983144, 0.983143, 0.987676, 0.983178, 0.983144, 0.983146, 0.983144, 0.983142, 0.983143, 0.974672, 0.967059, 0.974672, 0.983143, 0.983147, 0.983181, 0.983213, 0.984157, 0.98384, 0.983864, 0.987688, 0.983177, 0.983142, 0.983512, 0.9878, 0.983211, 0.983211, 0.983211, 0.953431, 0.95388, 0.95388, 0.95388, 0.954308, 0.983211, 0.983211, 0.983211, 0.987688, 0.983211, 0.983211, 0.983211, 0.983211, 0.983142, 0.983177, 0.983178, 0.983144, 0.987677, 0.983144, 0.983143, 0.983144, 0.987677, 0.983143, 0.983142, 0.983142, 0.987676, 0.983142, 0.983144, 0.983144, 0.974679, 0.953073, 0.953017, 0.953017, 0.953073, 0.953045, 0.953017, 0.953017, 0.952988, 0.967059, 
0.953017, 0.953017, 0.953017, 0.953017, 0.953017, 0.953017, 0.953017, 0.967065, 0.953017, 0.953017, 0.953045, 0.953045, 0.953017, 0.942111, 0.926385, 0.925316, 0.942537, 0.925316, 0.9274, 0.925316, 0.925316, 0.925316, 0.936321, 0.936966, 0.942537, 0.925316, 0.925316, 0.923003, 0.92419, 0.925316, 0.925316, 0.925316, 0.925316, 0.942537, 0.925316, 0.928365, 0.926385, 0.944969, 0.944596, 0.936321, 0.936321, 0.94862, 0.936321, 0.947632, 0.960292, 0.960292, 0.960292, 0.923003, 0.960292, 0.971458, 0.950811, 0.936321, 0.923003, 0.95296, 0.968405, 0.960985, 0.958846, 0.95388, 0.967198, 0.95296, 0.953431, 0.95388, 0.953458, 0.953017, 0.953073, 0.953017, 0.953045, 0.953073, 0.953017, 0.953017, 0.953073, 0.953017, 0.953017, 0.953017, 0.95388, 0.967059, 0.953017, 0.953017, 0.953045, 0.987677, 0.983144, 0.983144, 0.983147, 0.983144, 0.983144, 0.983146, 0.98318, 0.983211, 0.987688, 0.983276, 0.983211, 0.983211, 0.983211, 0.989425, 0.991482, 0.991482, 0.991482, 0.991483, 0.991482, 0.991482, 0.999977, 0.999811, 0.999899, 0.999811, 0.999811, 0.999691, 0.999691, 0.999691, 0.999965, 0.999691, 0.999866, 0.999896, 0.999896, 0.999691, 0.999866, 0.999691, 0.999691, 0.9986, 0.99943, 0.9986, 0.9986, 0.9986, 0.9986, 0.997385, 0.997385, 0.997385, 0.997385, 0.998954, 0.997572, 0.997572, 0.997385, 0.998954, 0.99717, 0.997385, 0.997193, 0.995163, 0.992048, 0.991972, 0.992048, 0.9919, 0.991903, 0.991907, 0.991978, 0.992121, 0.995391, 0.992048, 0.992048, 0.991972, 0.995082, 0.991999, 0.991949, 0.991899, 0.991899, 0.991896, 0.991896, 0.991896, 0.993768, 0.991896, 0.991896, 0.991896, 0.991896, 0.991896, 0.991896, 0.9919, 0.9919, 0.993769, 0.992854, 0.99315, 0.99315, 0.99315, 0.99315, 0.99315, 0.992526, 0.99267, 0.991481, 0.991481, 0.991481, 0.991481, 0.991481, 0.991481, 0.991483, 0.991484, 0.99267, 0.991482, 0.991482, 0.991482, 0.99267, 0.991528, 0.991482, 0.991482, 0.991482, 0.991482, 0.991482, 0.989425, 0.987688, 0.989425, 0.991482, 0.991484, 0.991529, 0.991573, 
0.992542, 0.992505, 0.99296, 0.993162, 0.991527, 0.991481, 0.992014, 0.993131, 0.991572, 0.991572, 0.991572, 0.983512, 0.98384, 0.98384, 0.98384, 0.984136, 0.991572, 0.991572, 0.991572, 0.992736, 0.991572, 0.991572, 0.991572, 0.991572, 0.991481, 0.991527, 0.991528, 0.991482, 0.99267, 0.991482, 0.991482, 0.991482, 0.99267, 0.991481, 0.991481, 0.991481, 0.99267, 0.991481, 0.991482, 0.991482, 0.98943, 0.983276, 0.983211, 0.983211, 0.983276, 0.983211, 0.983211, 0.983211, 0.983211, 0.987688, 0.983211, 0.983211, 0.983211, 0.983211, 0.983211, 0.983211, 0.983211, 0.987694, 0.983211, 0.983211, 0.983244, 0.983244, 0.983211, 0.976527, 0.960985, 0.958846, 0.969576, 0.958846, 0.962775, 0.958846, 0.958846, 0.958846, 0.971919, 0.971919, 0.969576, 0.958846, 0.958846, 0.95296, 0.95623, 0.958846, 0.958846, 0.958846, 0.958846, 0.969576, 0.958846, 0.962775, 0.962775, 0.977016, 0.98218, 0.971919, 0.971919, 0.977559, 0.965014, 0.982714, 0.988612, 0.988612, 0.988612, 0.95296, 0.988612, 0.988612, 0.991042, 0.984884, 0.95296, 0.983142, 0.986785, 0.986785, 0.986785, 0.98384, 0.987795, 0.983142, 0.98384, 0.98384, 0.987682, 0.983244, 0.983244, 0.983211, 0.983244, 0.983276, 0.983211, 0.983211, 0.983276, 0.983211, 0.983211, 0.983211, 0.98384, 0.987688, 0.983211, 0.983211, 0.983244, 0.99267, 0.991482, 0.991482, 0.991484, 0.991482, 0.991482, 0.991483, 0.991528, 0.991572, 0.991572, 0.99166, 0.991572, 0.991572, 0.992736, 0.986686, 0.993212, 0.993212, 0.993212, 0.994074, 0.993212, 0.993212, 0.999818, 0.999564, 0.999801, 0.999564, 0.999845, 0.999868, 0.999868, 0.999868, 0.999953, 0.999868, 0.99994, 0.999953, 0.999953, 0.999868, 0.99994, 0.999868, 0.999868, 0.99986, 0.999938, 0.99986, 0.99986, 0.99986, 0.99986, 0.99945, 0.99945, 0.99945, 0.99945, 0.999761, 0.999614, 0.999614, 0.99945, 0.999761, 0.999216, 0.99945, 0.999263, 0.998617, 0.997572, 0.99717, 0.99717, 0.996976, 0.997004, 0.99703, 0.997216, 0.997572, 0.999086, 0.997385, 0.997385, 0.99717, 0.998141, 0.993129, 
0.992622, 0.992048, 0.992048, 0.991896, 0.991896, 0.9919, 0.995248, 0.991903, 0.991907, 0.9919, 0.99525, 0.991907, 0.9919, 0.992121, 0.992121, 0.992048, 0.992357, 0.991899, 0.991899, 0.991899, 0.991899, 0.991899, 0.992855, 0.993995, 0.99315, 0.99315, 0.99315, 0.99315, 0.99315, 0.99315, 0.993212, 0.993305, 0.994074, 0.993212, 0.993212, 0.993181, 0.993995, 0.993584, 0.993212, 0.993212, 0.993212, 0.993181, 0.993181, 0.992595, 0.992736, 0.992595, 0.993181, 0.993243, 0.993274, 0.993989, 0.99576, 0.997628, 0.996624, 0.997205, 0.993555, 0.99315, 0.995193, 0.996025, 0.993934, 0.993934, 0.993934, 0.992014, 0.992505, 0.992505, 0.992505, 0.99296, 0.993934, 0.993934, 0.993934, 0.994677, 0.993934, 0.993934, 0.993934, 0.993934, 0.99315, 0.993555, 0.993584, 0.993212, 0.994048, 0.993212, 0.993212, 0.993212, 0.994048, 0.99315, 0.99315, 0.99315, 0.993995, 0.99315, 0.993243, 0.993212, 0.992629, 0.991616, 0.991572, 0.991572, 0.99166, 0.991572, 0.991572, 0.991572, 0.991572, 0.992736, 0.991572, 0.991572, 0.991572, 0.991572, 0.991572, 0.991572, 0.991572, 0.992769, 0.991572, 0.991572, 0.991616, 0.991616, 0.991572, 0.990923, 0.988016, 0.986785, 0.989522, 0.986785, 0.989029, 0.986785, 0.986785, 0.986785, 0.993357, 0.993357, 0.989522, 0.986785, 0.986785, 0.983142, 0.985231, 0.986785, 0.986785, 0.986785, 0.986785, 0.989522, 0.986785, 0.989029, 0.989029, 0.993827, 0.996868, 0.995477, 0.993357, 0.994382, 0.993357, 0.997027, 0.998637, 0.998637, 0.998637, 0.983142, 0.998637, 0.998637, 0.998791, 0.997027, 0.989873, 0.991481, 0.995857, 0.995857, 0.995857, 0.992505, 0.993101, 0.991481, 0.992505, 0.992505, 0.992736, 0.991572, 0.991616, 0.991572, 0.991616, 0.99166, 0.991572, 0.991572, 0.99166, 0.991572, 0.991572, 0.991572, 0.992505, 0.992736, 0.991572, 0.991572, 0.991616, 0.993212, 0.994048, 0.993212, 0.993274, 0.993212, 0.994048, 0.993243, 0.993613, 0.993934, 0.993934, 0.994626, 0.993934, 0.993934, 0.993934, 0.994717, 0.992932, 0.992932, 0.992932, 0.99338, 0.992932, 0.992932, 
0.99992, 0.999875, 0.999969, 0.999875, 0.999919, 0.999873, 0.999873, 0.999873, 0.999918, 0.999873, 0.999969, 0.999918, 0.999918, 0.999873, 0.999969, 0.999918, 0.999804, 0.999986, 0.999991, 0.999962, 0.999892, 0.999962, 0.999962, 0.999961, 0.999961, 0.999961, 0.999961, 0.99999, 0.999986, 0.999986, 0.999961, 0.99999, 0.999961, 0.999961, 0.999849, 0.999718, 0.99945, 0.999216, 0.999263, 0.999011, 0.999071, 0.999126, 0.999263, 0.999614, 0.999882, 0.99945, 0.99945, 0.999216, 0.999413, 0.9986, 0.998096, 0.997385, 0.997385, 0.996948, 0.996948, 0.996976, 0.998806, 0.997004, 0.99703, 0.996976, 0.998824, 0.99703, 0.996976, 0.997572, 0.997572, 0.997385, 0.99582, 0.992048, 0.992048, 0.992048, 0.99532, 0.992048, 0.992048, 0.991999, 0.991999, 0.991999, 0.991999, 0.991999, 0.992048, 0.992097, 0.992971, 0.99338, 0.995141, 0.992932, 0.992932, 0.992932, 0.993768, 0.994775, 0.992932, 0.992932, 0.992932, 0.992441, 0.992441, 0.993693, 0.994677, 0.993693, 0.992572, 0.99338, 0.993791, 0.996574, 0.998788, 0.999703, 0.999121, 0.99928, 0.998712, 0.991896, 0.997374, 0.998524, 0.996124, 0.996124, 0.996124, 0.993473, 0.996624, 0.996624, 0.996624, 0.997912, 0.996124, 0.996124, 0.996124, 0.996952, 0.996124, 0.996124, 0.996124, 0.996124, 0.991896, 0.994428, 0.994775, 0.992932, 0.994833, 0.992441, 0.992932, 0.992932, 0.994503, 0.991999, 0.992048, 0.991999, 0.993831, 0.992572, 0.992971, 0.992932, 0.99407, 0.994291, 0.993934, 0.993934, 0.994626, 0.993934, 0.993934, 0.993934, 0.993934, 0.994677, 0.993934, 0.993934, 0.993934, 0.993934, 0.993934, 0.993934, 0.993934, 0.994988, 0.993934, 0.993934, 0.994291, 0.994291, 0.993934, 0.994761, 0.997096, 0.997096, 0.996385, 0.995857, 0.997962, 0.995857, 0.995857, 0.995857, 0.997183, 0.999051, 0.998769, 0.995857, 0.995857, 0.991481, 0.994076, 0.995857, 0.995857, 0.995857, 0.995857, 0.996385, 0.995857, 0.997962, 0.997962, 0.999333, 0.99989, 0.999677, 0.999051, 0.999146, 0.999051, 0.999305, 0.99936, 0.99936, 0.99936, 0.991481, 0.99936, 0.99936, 
0.99936, 0.999305, 0.997507, 0.990446, 0.999268, 0.999192, 0.999192, 0.998843, 0.995778, 0.99315, 0.996624, 0.996624, 0.994677, 0.994291, 0.994291, 0.993934, 0.994291, 0.994291, 0.993934, 0.993934, 0.994626, 0.993934, 0.993934, 0.993934, 0.996624, 0.993934, 0.993934, 0.993934, 0.994291, 0.992932, 0.994503, 0.992932, 0.993791, 0.992932, 0.994503, 0.99338, 0.995095, 0.996124, 0.996124, 0.997289, 0.996124, 0.996124, 0.996124, 0.997472, 0.996333, 0.996333, 0.996333, 0.996333, 0.996333, 0.996333, 1, 0.999999, 1, 0.999999, 0.999999, 0.999994, 0.999994, 0.999994, 0.999996, 0.999994, 1, 0.999996, 0.999996, 0.999994, 1, 0.999996, 0.999994, 0.999994, 1, 0.999994, 0.999991, 0.999994, 0.999994, 0.999998, 0.999999, 0.999998, 0.999998, 1, 0.999999, 0.999998, 0.999998, 1, 0.999998, 0.999998, 0.999998, 0.999991, 0.999961, 0.999891, 0.999972, 0.999849, 0.999894, 0.999925, 0.999923, 0.999986, 0.999999, 0.999961, 0.999961, 0.999891, 0.999861, 0.99986, 0.999723, 0.999614, 0.999263, 0.998878, 0.998947, 0.999011, 0.999572, 0.999071, 0.999126, 0.999011, 0.999621, 0.999126, 0.999011, 0.999614, 0.999614, 0.99945, 0.999241, 0.997385, 0.997385, 0.998954, 0.997385, 0.997385, 0.993625, 0.993129, 0.993129, 0.993129, 0.993129, 0.993129, 0.993625, 0.994063, 0.996565, 0.997457, 0.998922, 0.996333, 0.996333, 0.996333, 0.995245, 0.998329, 0.996333, 0.996333, 0.996333, 0.994634, 0.994634, 0.996372, 0.996952, 0.994048, 0.995639, 0.998458, 0.998225, 0.999621, 0.999892, 0.999873, 0.999628, 0.999723, 0.99956, 0.991893, 0.998729, 0.999687, 0.999228, 0.999228, 0.999228, 0.996083, 0.999121, 0.999121, 0.999121, 0.999752, 0.999228, 0.999228, 0.999228, 0.999516, 0.999228, 0.999228, 0.999228, 0.999228, 0.991893, 0.999228, 0.996333, 0.996333, 0.997787, 0.994634, 0.996333, 0.996333, 0.997787, 0.993129, 0.993625, 0.993129, 0.995911, 0.995639, 0.996565, 0.996333, 0.997472, 0.997289, 0.996124, 0.996124, 0.9981, 0.996124, 0.996124, 0.996124, 0.996124, 0.996952, 
0.996124, 0.996124, 0.996124, 0.996124, 0.996124, 0.996124, 0.996124, 0.997861, 0.996124, 0.996124, 0.996124, 0.997289, 0.996124, 0.998312, 0.99972, 0.99972, 0.999268, 0.999192, 0.999902, 0.999192, 0.999192, 0.999192, 0.998134, 0.999371, 0.999353, 0.99972, 0.999192, 0.99315, 0.997656, 0.999192, 0.999192, 0.999192, 0.999192, 0.999192, 0.999192, 0.999902, 0.999902, 0.999776, 0.999922, 0.999779, 0.999371, 0.999376, 0.999371, 0.998134, 0.997935, 0.997935, 0.997935, 0.996793, 0.997935, 0.997935, 0.997935, 0.998866, 0.998134, 0.992854, 0.999462, 0.999426, 0.999426, 0.999372, 0.997897, 0.991896, 0.999121, 0.999121, 0.996952, 0.997289, 0.997289, 0.996124, 0.997289, 0.997289, 0.996124, 0.996124, 0.9981, 0.996124, 0.996124, 0.996124, 0.999121, 0.996124, 0.996124, 0.996124, 0.997289, 0.996333, 0.997787, 0.996333, 0.998225, 0.996333, 0.996333, 0.997457, 0.998833, 0.999228, 0.999516, 0.999747, 0.999228, 0.999228, 0.999228, 0.999575, 0.999691, 0.999691, 0.999691, 0.999866, 0.999691, 0.999691, 1, 1, 1, 1, 1, 1, 1, 1, 1, 1, 1, 1, 1, 1, 1, 1, 1, 1, 1, 1, 1, 1, 1, 1, 1, 1, 1, 1, 1, 1, 1, 1, 1, 1, 1, 1, 0.999998, 0.999995, 0.999998, 0.999965, 1, 1, 0.999998, 1, 1, 0.999998, 0.999998, 0.999995, 0.999933, 0.999986, 0.999961, 0.999961, 0.999923, 0.999696, 0.999849, 0.999849, 0.999963, 0.999894, 0.999894, 0.999849, 0.999982, 0.999925, 0.999849, 0.999986, 0.999986, 0.999961, 0.999927, 0.99945, 0.99945, 0.999761, 0.99945, 0.99945, 0.999028, 0.9986, 0.9986, 0.9986, 0.9986, 0.9986, 0.999028, 0.999321, 0.999783, 0.999896, 0.999984, 0.999691, 0.999691, 0.999691, 0.998788, 0.99979, 0.999691, 0.999691, 0.999691, 0.999059, 0.999059, 0.999518, 0.999228, 0.999228, 0.99968, 0.999691, 0.999988, 0.999987, 
0.999932, 0.999604, 0.999387, 0.999667, 0.999783, 0.999044, 0.996919, 0.999882, 0.999811, 0.999811, 0.999811, 0.985024, 0.999628, 0.999628, 0.999628, 0.999904, 0.999934, 0.999811, 0.999811, 0.999899, 0.999811, 0.999811, 0.999811, 0.999811, 0.996919, 0.999811, 0.999691, 0.999691, 0.999866, 0.999059, 0.999691, 0.999691, 0.999866, 0.9986, 0.999028, 0.9986, 0.99943, 0.99968, 0.999783, 0.999691, 0.99984, 0.999747, 0.999228, 0.999228, 0.999916, 0.999228, 0.999228, 0.999228, 0.999228, 0.999516, 0.999228, 0.999228, 0.999228, 0.999228, 0.999228, 0.999228, 0.999228, 0.999516, 0.999228, 0.999228, 0.999228, 0.999916, 0.999228, 0.999481, 0.9998, 0.9998, 0.999462, 0.999426, 0.9998, 0.999426, 0.999426, 0.999426, 0.999339, 0.998135, 0.999031, 0.999426, 0.999426, 0.998218, 0.998218, 0.999381, 0.999426, 0.999426, 0.999426, 0.999462, 0.999426, 0.999929, 0.999929, 0.999375, 0.998796, 0.998796, 0.998135, 0.998135, 0.998135, 0.998805, 0.998161, 0.998161, 0.99826, 0.997131, 0.998161, 0.998161, 0.998161, 0.998148, 0.997097, 0.992237, 0.999109, 0.998817, 0.998817, 0.999349, 0.999106, 0.991893, 0.999628, 0.999873, 0.999228, 0.999747, 0.999747, 0.999228, 0.999747, 0.999839, 0.999228, 0.999228, 0.999916, 0.998676, 0.999228, 0.999228, 0.999628, 0.999228, 0.999516, 0.999228, 0.999747, 0.999691, 0.999866, 0.999691, 0.999965, 0.999691, 0.999691, 0.999896, 0.999926, 0.999811, 0.999811, 0.999934, 0.999811, 0.999811, 0.999811, 0.999934, 0.999868, 0.999868, 0.999868, 0.999868, 0.999868, 0.999868, 1, 1, 1, 1, 1, 1, 1, 1, 1, 1, 1, 1, 1, 1, 1, 1, 1, 1, 1, 1, 1, 1, 1, 1, 1, 1, 1, 1, 1, 1, 1, 1, 1, 1, 1, 1, 1, 1, 1, 1, 1, 1, 1, 1, 1, 1, 1, 1, 0.999999, 0.999994, 
0.999998, 0.999998, 0.999998, 0.999985, 0.999998, 0.999998, 1, 0.999999, 0.999999, 0.999998, 1, 1, 0.999998, 0.999999, 0.999999, 0.999998, 0.999992, 0.999961, 0.99999, 0.999961, 0.999961, 0.999961, 0.99995, 0.99986, 0.99986, 0.99986, 0.99986, 0.99986, 0.99995, 0.999982, 0.999953, 0.999953, 0.999992, 0.999868, 0.999868, 0.999868, 0.999517, 0.999761, 0.999868, 0.999868, 0.999868, 0.999625, 0.999625, 0.999843, 0.999811, 0.999811, 0.999983, 0.999868, 0.999983, 0.999986, 0.9999, 0.999724, 0.999803, 0.999803, 0.99957, 0.999329, 0.998878, 0.999722, 0.999564, 0.999564, 0.999564, 0.990967, 0.999387, 0.999387, 0.999387, 0.999667, 0.999719, 0.999564, 0.999564, 0.999871, 0.999564, 0.999564, 0.999564, 0.999564, 0.998878, 0.999564, 0.999868, 0.999868, 0.99994, 0.999625, 0.999868, 0.999868, 0.99994, 0.99995, 0.99995, 0.99986, 0.999938, 0.999983, 0.999868, 0.999868, 0.999945, 0.999934, 0.999811, 0.999811, 0.999977, 0.999899, 0.999811, 0.999811, 0.999811, 0.999811, 0.999811, 0.999811, 0.999811, 0.999811, 0.999811, 0.999811, 0.999811, 0.999899, 0.999811, 0.999811, 0.999811, 0.999977, 0.999811, 0.999532, 0.999236, 0.999236, 0.999109, 0.998817, 0.999236, 0.998817, 0.998817, 0.998817, 0.998833, 0.998833, 0.999115, 0.998817, 0.998817, 0.998148, 0.998148, 0.99843, 0.998817, 0.998817, 0.998817, 0.999109, 0.998817, 0.999236, 0.999682, 0.999432, 0.999252, 0.999252, 0.998833, 0.998833, 0.998833, 0.999461, 0.999751, 0.999751, 0.999751, 0.99916, 0.999751, 0.999813, 0.999751, 0.999461, 0.99818, 0.995069, 0.999672, 0.999395, 0.999395, 0.999391, 0.999483, 0.999044, 0.999387, 0.999387, 0.999811, 0.999934, 0.999811, 0.999811, 0.999934, 0.999964, 0.999811, 0.999811, 0.999977, 0.999642, 0.999811, 0.999811, 0.999387, 0.999811, 0.999899, 0.999811, 0.999934, 0.999868, 0.99994, 0.999868, 0.999983, 0.999868, 0.999868, 0.999953, 0.999915, 0.999564, 0.999564, 0.999719, 0.999564, 0.999564, 0.999564, 0.999931, 0.999873, 0.999873, 0.999873, 0.999873, 0.999873, 0.999873, 
1, 1, 1, 1, 1, 1, 1, 1, 1, 1, 1, 1, 1, 1, 1, 1, 1, 1, 1, 1, 1, 1, 1, 1, 1, 1, 1, 1, 1, 1, 1, 1, 1, 1, 1, 1, 1, 1, 1, 1, 1, 1, 1, 1, 1, 1, 1, 1, 1, 1, 1, 1, 1, 1, 1, 1, 1, 1, 1, 1, 1, 1, 1, 1, 1, 1, 0.999887, 1, 0.999998, 0.999998, 0.999998, 0.999998, 0.999986, 0.999962, 0.999962, 0.999962, 0.999962, 0.999962, 0.999986, 0.999995, 0.999955, 0.999873, 0.999987, 0.999873, 0.999873, 0.999873, 0.999952, 0.999874, 0.999873, 0.999873, 0.999873, 0.999804, 0.999804, 0.999765, 0.999564, 0.999564, 0.999991, 0.999873, 0.999947, 0.999987, 0.999919, 0.999995, 0.999993, 0.999993, 0.999973, 0.99991, 0.999696, 0.999973, 0.999875, 0.99992, 0.999875, 0.99634, 0.99957, 0.99957, 0.99957, 0.999803, 0.99992, 0.999875, 0.999875, 0.999969, 0.99992, 0.999875, 0.999875, 0.999875, 0.999696, 0.999875, 0.999873, 0.999873, 0.999969, 0.999804, 0.999873, 0.999873, 0.999969, 0.999986, 0.999986, 0.999962, 0.999991, 0.999991, 0.999873, 0.999873, 0.999848, 0.999719, 0.999564, 0.999564, 0.999917, 0.999564, 0.999564, 0.999564, 0.999564, 0.999564, 0.999564, 0.999564, 0.999564, 0.999564, 0.999564, 0.999564, 0.999564, 0.999801, 0.999564, 0.999564, 0.999564, 0.999818, 0.999564, 0.999486, 0.999395, 0.999612, 0.999672, 0.999395, 0.999612, 0.999612, 0.999395, 0.999395, 0.999871, 0.999871, 0.999721, 0.999395, 0.999395, 0.999057, 0.999057, 0.999395, 0.999395, 0.999395, 0.999395, 0.999672, 0.999395, 0.999612, 0.999751, 0.999903, 0.999962, 0.999989, 0.999871, 0.999871, 0.999871, 0.999975, 0.999995, 0.999995, 0.999995, 0.999914, 0.999914, 0.999995, 
0.999997, 0.999999, 0.999564, 0.998411, 0.999958, 0.999908, 0.999908, 0.999801, 0.999693, 0.999329, 0.99957, 0.99957, 0.999564, 0.999719, 0.999564, 0.999564, 0.999719, 0.999719, 0.999564, 0.999564, 0.999818, 0.999564, 0.999564, 0.999564, 0.99957, 0.999564, 0.999564, 0.999801, 0.999719, 0.999486, 0.999969, 0.999873, 0.999947, 0.999873, 0.999969, 0.999918, 0.999873, 0.99992, 0.999875, 0.99992, 0.999875, 0.999875, 0.999875, 0.999494, 0.999994, 0.999994, 0.999994, 0.999994, 1, 0.999994, 1, 1, 1, 1, 1, 1, 1, 1, 1, 1, 1, 1, 1, 1, 1, 1, 1, 1, 1, 1, 1, 1, 1, 1, 1, 1, 1, 1, 1, 1, 1, 1, 1, 1, 1, 1, 1, 1, 1, 1, 1, 1, 1, 1, 1, 1, 1, 1, 1, 1, 1, 1, 1, 1, 1, 1, 1, 1, 1, 1, 1, 1, 1, 1, 1, 1, 1, 1, 1, 1, 1, 1, 0.999996, 0.999994, 0.999994, 0.999994, 0.999994, 0.999994, 0.999994, 0.999998, 0.999994, 0.999996, 1, 0.999994, 0.999994, 0.999994, 0.999999, 0.999997, 0.999994, 0.999994, 0.999889, 0.999991, 0.999991, 0.999999, 0.999993, 0.999875, 0.999997, 0.999994, 0.999998, 1, 0.999999, 1, 1, 1, 1, 1, 0.999985, 1, 0.999999, 0.999999, 0.999999, 0.999635, 0.999973, 0.999973, 0.999973, 0.999993, 1, 0.999999, 0.999999, 1, 1, 0.999999, 0.999999, 0.999999, 0.999985, 0.999999, 0.999994, 0.999994, 1, 0.999994, 0.999994, 0.999994, 0.999999, 0.999996, 0.999996, 0.999994, 1, 0.999997, 0.999994, 0.999994, 0.999982, 0.99992, 0.999875, 0.999875, 0.999987, 0.999875, 0.999875, 0.999875, 0.999875, 0.999875, 
0.999875, 0.999875, 0.999875, 0.999875, 0.999875, 0.999875, 0.999875, 0.999969, 0.999875, 0.999875, 0.999875, 0.999949, 0.999875, 0.999893, 0.999908, 0.999973, 0.999958, 0.999908, 0.999973, 0.999973, 0.999908, 0.999908, 0.999996, 0.999996, 0.999982, 0.999908, 0.999908, 0.99969, 0.99969, 0.999908, 0.999908, 0.999908, 0.999908, 0.999958, 0.999908, 0.999973, 0.999992, 0.999998, 1, 1, 0.999996, 0.999996, 0.999996, 0.999939, 1, 1, 1, 1, 0.999995, 1, 1, 1, 0.999939, 0.99943, 1, 0.999999, 0.999999, 0.999995, 0.999978, 0.99991, 0.999973, 0.999973, 0.999875, 0.999949, 0.999875, 0.999875, 0.99992, 0.999875, 0.999875, 0.999875, 0.999949, 0.999875, 0.999875, 0.999875, 0.999973, 0.999875, 0.99992, 0.999875, 0.999875, 0.999973, 1, 0.999994, 0.999998, 0.999994, 1, 0.999994, 0.999996, 0.999999, 0.999999, 1, 1, 0.999999, 0.999999, 0.999976, 1, 1, 1, 1, 1, 1, 1, 1, 1, 1, 1, 1, 1, 1, 1, 1, 1, 1, 1, 1, 1, 1, 1, 1, 1, 1, 1, 1, 1, 1, 1, 1, 1, 1, 1, 1, 1, 1, 1, 1, 1, 1, 1, 1, 1, 1, 1, 1, 1, 1, 1, 1, 1, 1, 1, 1, 1, 1, 1, 1, 1, 1, 1, 1, 1, 1, 1, 1, 1, 1, 1, 1, 1, 1, 1, 1, 1, 1, 1, 1, 1, 1, 1, 1, 1, 1, 1, 1, 1, 1, 1, 1, 1, 1, 1, 1, 0.999998, 1, 1, 1, 1, 1, 1, 1, 1, 1, 
1, 1, 1, 1, 1, 1, 1, 1, 1, 1, 1, 0.999984, 1, 1, 1, 1, 1, 1, 1, 1, 1, 1, 1, 1, 1, 1, 1, 1, 1, 1, 1, 1, 1, 1, 1, 1, 1, 1, 1, 1, 1, 1, 0.999999, 0.999999, 1, 0.999999, 0.999999, 0.999999, 1, 0.999999, 0.999999, 0.999999, 0.999999, 0.999999, 0.999999, 0.999999, 0.999999, 1, 0.999999, 0.999999, 0.999999, 1, 0.999999, 0.999999, 0.999999, 1, 1, 0.999999, 1, 1, 0.999999, 0.999999, 0.999999, 1, 1, 0.999999, 0.999999, 0.999982, 0.999982, 0.999999, 0.999999, 0.999999, 0.999999, 1, 0.999999, 1, 1, 1, 1, 1, 1, 1, 1, 1, 1, 1, 1, 1, 1, 1, 1, 1, 1, 0.999696, 1, 1, 1, 1, 1, 0.999999, 1, 1, 0.999999, 1, 0.999999, 0.999999, 1, 0.999999, 0.999999, 0.999999, 1, 0.999999, 0.999999, 0.999999, 1, 0.999999, 0.999999, 0.999999, 0.999999, 1, 1, 1, 1, 1, 1, 1, 1, 1, 1, 1, 1, 1, 1, 1, 1, 1, 1, 1, 1, 1, 1, 1, 1, 1, 1, 1, 1, 1, 1, 1, 1, 1, 1, 1, 1, 1, 1, 1, 1, 1, 1, 1, 1, 1, 1, 1, 1, 1, 1, 1, 1, 1, 1, 1, 1, 1, 1, 1, 1, 1, 1, 1, 1, 1, 1, 1, 1, 1, 1, 1, 
1, 1, 1, 1, 1, 1, 1, 1, 1, 1, 1, 1, 1, 1, 1, 1, 1, 1, 1, 1, 1, 1, 1, 1, 1, 1, 1, 1, 1, 1, 1, 1, 1, 1, 1, 1, 1, 1, 1, 1, 1, 1, 1, 1, 1, 1, 1, 1, 1, 1, 1, 1, 1, 1, 1, 1, 1, 1, 1, 1, 1, 1, 1, 1, 1, 1, 1, 1, 1, 1, 1, 1, 1, 1, 1, 1, 1, 1, 1, 1, 1, 1, 1, 1, 1, 1, 1, 1, 1, 1, 1, 1, 1, 1, 1, 1, 1, 1, 1, 1, 1, 1, 1, 1, 1, 1, 1, 1, 1, 1, 1, 1, 1, 1, 1, 1, 1, 1, 1, 1, 1, 1, 1, 1, 1, 1, 1, 1, 1, 1, 1, 1, 1, 1, 1, 1, 1, 1, 1, 1, 1, 1, 1, 1, 1, 1, 1, 1, 1, 1, 1, 1, 1, 0.999985, 1, 1, 1, 1, 1, 1, 1, 1, 1, 1, 1, 1, 1, 1, 1, 1, 1, 1, 1, 1, 1, 1, 1, 1, 1, 1, 1, 1, 1, 1, 1, 1, 1, 1, 1, 1, 1, 1, 1, 1, 1, 1, 1, 1, 1, 1, 
0.999999, 0.999999, 0.999999, 1, 1, 1, 1, 1, 1, 1, 1, 1, 1, 1, 1, 1, 1, 1, 1, 1, 1, 1, 1, 1, 1, 1, 1, 1, 1, 1, 1, 1, 1, 1, 1, 1, 1, 1, 1, 1, 1, 1, 1, 1, 1, 1, 1, 1, 1, 1, 1, 1, 0.999999, 1, 1, 1, 1, 1, 1, 1, 1, 1, 1, 1, 1, 1, 1, 1, 1, 1, 1, 1, 1, 1, 1, 1, 1, 1, 1, 1, 1, 1, 1, 1, 1, 1, 1, 1, 1, 1, 1, 1, 1, 1, 1, 1, 1, 1, 1, 1, 1, 1, 1, 1, 1, 1, 1, 1, 1, 1, 1, 1, 1, 1, 1, 1, 1, 1, 1, 1, 1, 1, 1, 1, 1, 1, 1, 1, 1, 1, 1, 1, 1, 1, 1, 1, 1, 1, 1, 1, 1, 1, 1, 1, 1, 1, 1, 1, 1, 1, 1, 1, 1, 1, 1, 1, 1, 1, 1, 1, 1, 1, 1, 1, 1, 1, 1, 1, 1, 1, 1, 1, 1, 1, 1, 1, 1, 1, 1, 1, 1, 1, 1, 1, 1, 1, 1, 1, 1, 1, 1, 1, 1, 1, 1, 1, 1, 1, 1, 1, 
1, 1, 1, 1, 1, 1, 1, 1, 1, 1, 1, 1, 1, 1, 1, 1, 1, 1, 1, 1, 1, 1, 1, 1, 1, 1, 1, 1, 1, 1, 1, 1, 1, 1, 1, 1, 1, 1, 1, 1, 1, 1, 1, 1, 1, 1, 1, 1, 1, 1, 0.999875, 0.999875, 0.999875, 0.999969, 0.999994, 0.999994, 0.999996, 1, 0.999994, 0.999994, 0.999998, 1, 0.999994, 0.999994, 0.999996, 1, 1, 1, 1, 1, 1, 1, 1, 1, 1, 1, 1, 1, 1, 1, 1, 1, 1, 1, 1, 1, 1, 1, 1, 1, 1, 1, 1, 1, 1, 1, 1, 1, 1, 1, 1, 1, 0.999999, 1, 1, 1, 1, 1, 1, 1, 1, 1, 1, 1, 1, 1, 1, 1, 1, 1, 1, 1, 1, 1, 1, 1, 1, 1, 1, 1, 1, 1, 1, 1, 1, 1, 1, 1, 1, 1, 1, 1, 1, 1, 1, 1, 1, 1, 1, 1, 1, 1, 1, 1, 1, 1, 1, 1, 1, 1, 1, 1, 1, 1, 1, 1, 1, 1, 1, 1, 1, 1, 1, 1, 1, 1, 1, 1, 1, 1, 1, 1, 1, 1, 1, 1, 1, 1, 1, 1, 1, 1, 1, 1, 1, 1, 1, 1, 1, 1, 
1, 1, 1, 1, 1, 1, 1, 1, 1, 1, 1, 1, 1, 1, 1, 1, 1, 1, 1, 1, 1, 1, 1, 1, 1, 1, 1, 1, 1, 1, 1, 1, 1, 1, 1, 1, 1, 1, 1, 1, 1, 1, 1, 1, 1, 1, 1, 1, 1, 1, 1, 1, 1, 1, 1, 1, 1, 1, 1, 1, 1, 1, 1, 1, 1, 1, 1, 1, 1, 1, 1, 1, 1, 1, 1, 1, 1, 1, 1, 1, 1, 1, 1, 1, 1, 1, 1, 1, 1, 1, 1, 1, 1, 1, 1, 1, 1, 1, 1, 1, 0.999564, 0.999564, 0.999564, 0.999564, 0.999873, 0.999873, 0.999918, 0.999969, 0.999873, 0.999873, 0.999987, 0.999969, 0.999873, 0.999873, 0.999918, 0.999873, 0.999994, 0.999994, 0.999996, 0.999994, 0.999994, 0.999994, 1, 1, 1, 1, 1, 1, 1, 1, 1, 1, 1, 1, 1, 1, 1, 1, 1, 1, 1, 1, 1, 1, 1, 1, 1, 1, 1, 1, 1, 1, 1, 1, 1, 1, 1, 1, 1, 1, 1, 1, 1, 1, 1, 1, 1, 1, 1, 1, 1, 1, 1, 1, 1, 1, 1, 1, 1, 1, 1, 1, 1, 1, 1, 1, 1, 1, 1, 1, 1, 1, 1, 1, 1, 1, 1, 1, 1, 1, 
1, 1, 1, 1, 1, 1, 1, 1, 1, 1, 1, 1, 1, 1, 1, 1, 1, 1, 1, 1, 1, 1, 1, 1, 1, 1, 1, 1, 1, 1, 1, 1, 1, 1, 1, 1, 1, 1, 1, 1, 1, 1, 1, 1, 1, 1, 1, 1, 1, 1, 1, 1, 1, 1, 1, 1, 1, 1, 1, 1, 1, 1, 1, 1, 1, 1, 1, 1, 1, 1, 1, 1, 1, 1, 1, 1, 1, 1, 1, 1, 1, 1, 1, 1, 1, 1, 1, 1, 1, 1, 1, 1, 1, 1, 1, 1, 1, 1, 1, 1, 1, 1, 1, 1, 1, 1, 1, 1, 1, 1, 1, 1, 1, 1, 1, 1, 1, 1, 1, 1, 1, 1, 1, 1, 1, 1, 1, 1, 1, 1, 1, 1, 1, 1, 1, 1, 1, 1, 1, 1, 1, 1, 1, 1, 1, 1, 1, 1, 1, 1, 0.999811, 0.999811, 0.999899, 0.999642, 0.999868, 0.999868, 0.999953, 0.99994, 0.999868, 0.999868, 0.999992, 0.99994, 0.999868, 0.999868, 0.999953, 0.999868, 0.999962, 0.999962, 0.999986, 0.999962, 0.999962, 0.999962, 0.999992, 0.999998, 0.999998, 0.999998, 0.999999, 1, 1, 0.999998, 0.999999, 0.999966, 1, 0.999997, 1, 1, 0.999991, 1, 1, 1, 1, 1, 1, 1, 1, 1, 1, 0.999994, 1, 1, 
1, 1, 1, 1, 1, 1, 1, 1, 1, 1, 1, 1, 1, 1, 1, 1, 1, 1, 1, 1, 1, 1, 1, 1, 1, 1, 1, 1, 1, 1, 1, 1, 1, 1, 1, 1, 1, 1, 1, 1, 1, 1, 1, 1, 1, 1, 1, 1, 1, 1, 1, 1, 1, 1, 1, 1, 1, 0.999984, 1, 1, 1, 1, 1, 1, 1, 1, 1, 1, 1, 1, 1, 1, 1, 1, 1, 1, 1, 1, 1, 1, 1, 1, 1, 1, 1, 1, 1, 1, 1, 1, 1, 1, 1, 1, 1, 1, 1, 1, 1, 1, 1, 1, 1, 1, 1, 1, 1, 1, 1, 1, 1, 1, 1, 1, 1, 1, 1, 1, 1, 1, 1, 1, 1, 1, 1, 1, 1, 1, 1, 1, 1, 1, 1, 1, 1, 1, 1, 1, 1, 1, 1, 1, 1, 1, 1, 1, 1, 1, 1, 1, 1, 1, 1, 1, 1, 1, 1, 1, 1, 1, 1, 1, 1, 1, 1, 1, 1, 1, 1, 1, 1, 1, 1, 1, 1, 1, 1, 1, 1, 1, 1, 1, 1, 1, 1, 1, 1, 1, 1, 1, 1, 1, 1, 1, 1, 1, 1, 1, 1, 1, 
0.999228, 0.999228, 0.999516, 0.999518, 0.999691, 0.999691, 0.999896, 0.999691, 0.999691, 0.999691, 0.999984, 0.999866, 0.999691, 0.999691, 0.999896, 0.999691, 0.99986, 0.99986, 0.99995, 0.99986, 0.99986, 0.99986, 0.999927, 0.99999, 0.999961, 0.999961, 0.999986, 0.99999, 0.999961, 0.999961, 0.999986, 0.999961, 0.999961, 0.999998, 0.999999, 0.999998, 0.999998, 0.999966, 1, 1, 1, 1, 1, 1, 0.999998, 0.999998, 0.999998, 0.999988, 0.999994, 1, 1, 1, 1, 1, 1, 1, 1, 1, 1, 1, 1, 1, 1, 1, 1, 1, 1, 1, 1, 1, 1, 1, 1, 1, 1, 1, 1, 1, 1, 1, 1, 1, 1, 1, 1, 1, 1, 0.999976, 1, 1, 1, 1, 1, 1, 1, 1, 1, 1, 1, 1, 1, 0.999999, 1, 0.999992, 0.999973, 0.999973, 0.999973, 0.999635, 0.999973, 1, 0.999999, 0.999999, 0.999999, 1, 1, 1, 1, 0.999999, 0.999999, 1, 0.999999, 0.999999, 0.999999, 0.999999, 0.999976, 0.999999, 1, 1, 1, 1, 1, 1, 1, 1, 1, 1, 1, 1, 1, 1, 1, 1, 1, 1, 1, 1, 1, 1, 1, 1, 1, 1, 1, 1, 1, 1, 1, 1, 1, 1, 1, 1, 1, 1, 1, 1, 1, 1, 1, 1, 1, 1, 1, 1, 1, 1, 1, 1, 1, 1, 1, 1, 1, 1, 1, 1, 1, 1, 1, 1, 1, 1, 1, 1, 1, 1, 1, 1, 1, 1, 
1, 1, 1, 1, 0.999982, 1, 0.999999, 1, 0.999999, 1, 1, 1, 1, 1, 1, 1, 1, 1, 1, 1, 1, 1, 1, 1, 1, 1, 1, 1, 1, 1, 1, 1, 1, 1, 1, 1, 1, 0.999999, 0.999999, 0.999999, 1, 0.999999, 0.999999, 0.999999, 0.999991, 0.999994, 0.999994, 0.999994, 1, 0.999994, 0.996124, 0.996124, 0.996952, 0.996372, 0.996333, 0.996333, 0.998458, 0.996333, 0.996333, 0.996333, 0.998922, 0.996333, 0.996333, 0.996333, 0.997457, 0.996333, 0.9986, 0.9986, 0.999028, 0.9986, 0.9986, 0.9986, 0.999241, 0.999761, 0.99945, 0.99945, 0.999614, 0.999761, 0.99945, 0.99945, 0.999614, 0.99945, 0.99945, 0.999849, 0.999894, 0.999961, 0.999961, 0.999991, 0.999998, 0.999995, 1, 1, 0.999961, 0.999997, 0.999961, 0.999961, 0.999961, 0.999941, 0.999962, 0.999992, 0.999998, 0.999998, 1, 1, 1, 1, 1, 1, 1, 1, 1, 1, 1, 1, 0.999998, 0.999997, 0.999994, 1, 1, 1, 1, 1, 1, 1, 1, 1, 1, 1, 1, 1, 1, 0.999994, 0.999996, 1, 0.999994, 0.999994, 0.999996, 0.999973, 0.999994, 0.999994, 0.999991, 0.999994, 0.999994, 0.999994, 0.999997, 1, 1, 0.999994, 0.999994, 1, 0.999993, 0.999875, 0.999932, 0.999724, 0.99957, 0.99957, 0.99957, 0.998534, 0.99957, 0.99992, 0.999875, 0.99991, 0.99991, 0.999973, 0.999973, 0.999992, 0.999991, 0.999875, 0.999875, 0.99992, 0.999875, 0.999875, 0.999875, 0.999875, 0.999875, 0.999494, 1, 0.999994, 0.999996, 0.999994, 0.999994, 0.999996, 1, 1, 1, 1, 1, 1, 0.999994, 0.999994, 0.999997, 1, 0.999999, 0.999999, 1, 1, 0.999999, 0.999999, 0.999999, 0.999999, 
0.999999, 0.999999, 0.999999, 0.999999, 0.999999, 0.999999, 0.999999, 1, 0.999999, 0.999999, 0.999999, 1, 0.999999, 1, 0.999999, 1, 1, 0.999999, 0.999999, 1, 0.999999, 0.999999, 0.999999, 0.999996, 0.999996, 1, 0.999999, 0.999999, 0.999996, 0.999982, 0.999999, 0.999999, 0.999999, 0.999999, 1, 0.999999, 1, 1, 1, 0.999996, 0.999998, 0.999995, 0.999995, 0.999995, 0.999997, 0.999995, 0.999995, 0.999995, 0.999991, 0.999995, 0.999995, 0.999995, 0.999996, 0.999992, 0.999982, 0.999996, 0.999908, 0.999973, 0.999892, 0.999992, 0.999973, 0.999999, 1, 0.999999, 0.999999, 0.999999, 1, 0.999999, 0.999999, 0.999999, 1, 0.999999, 0.999996, 0.999999, 0.999999, 0.999999, 0.999999, 0.999999, 0.999999, 0.999999, 0.999994, 0.999998, 1, 0.999994, 0.999994, 0.999994, 0.999999, 0.999875, 0.999875, 0.999875, 0.999952, 0.999875, 0.999875, 0.999875, 0.999919, 0.999873, 0.999873, 0.999873, 0.999969, 0.999804, 0.993934, 0.993934, 0.993934, 0.993693, 0.992932, 0.992932, 0.994833, 0.992932, 0.992932, 0.992932, 0.995141, 0.992932, 0.992932, 0.992932, 0.994833, 0.988875, 0.993129, 0.995911, 0.993625, 0.993129, 0.993129, 0.993129, 0.997385, 0.997385, 0.997385, 0.997385, 0.997572, 0.998954, 0.997385, 0.997385, 0.997572, 0.997385, 0.997385, 0.999011, 0.999071, 0.99945, 0.99945, 0.999872, 0.999849, 0.999849, 0.999991, 0.999718, 0.99945, 0.999832, 0.99945, 0.99945, 0.99945, 0.998303, 0.99986, 0.999927, 0.99999, 0.999833, 0.999995, 0.999998, 0.999998, 0.999998, 1, 0.999998, 0.999998, 0.999999, 1, 0.999998, 1, 0.99999, 0.999961, 0.999961, 0.999962, 0.999998, 0.999995, 0.999998, 0.999998, 0.999998, 1, 0.999991, 0.999994, 0.999994, 0.999994, 0.999994, 0.999996, 1, 1, 0.999873, 0.999918, 0.999992, 0.999873, 0.999873, 0.999918, 0.999893, 0.999873, 0.999873, 0.999804, 0.999873, 0.999873, 0.999873, 0.999874, 0.999973, 0.999999, 0.999873, 0.999873, 0.999987, 
0.999942, 0.999801, 0.999666, 0.999604, 0.999387, 0.999387, 0.999387, 0.999044, 0.999387, 0.999719, 0.999564, 0.999329, 0.999329, 0.99957, 0.99957, 0.999724, 0.999872, 0.999564, 0.999564, 0.999719, 0.999564, 0.999564, 0.999564, 0.999564, 0.999564, 0.999765, 0.999873, 0.999873, 0.999918, 0.999873, 0.999873, 0.999918, 0.999996, 1, 0.999994, 0.999996, 0.999994, 0.999999, 0.999873, 0.999873, 0.999874, 0.999969, 0.999875, 0.999875, 0.999875, 0.999969, 0.999875, 0.999875, 0.999875, 0.999969, 0.999875, 0.999875, 0.999875, 0.999875, 0.999875, 0.999875, 0.999875, 0.99998, 0.999875, 0.999875, 0.999875, 0.999969, 0.999875, 0.999942, 0.999908, 0.999958, 0.999973, 0.999908, 0.999908, 0.999958, 0.999908, 0.999908, 0.999908, 0.999871, 0.999871, 0.999891, 0.999908, 0.999908, 0.999908, 0.99969, 0.999908, 0.999908, 0.999908, 0.999908, 0.999973, 0.999908, 0.999958, 0.999981, 0.999962, 0.999871, 0.999865, 0.999751, 0.999751, 0.999751, 0.999751, 0.999751, 0.999751, 0.999751, 0.999751, 0.999751, 0.999751, 0.999751, 0.999821, 0.999762, 0.999848, 0.999751, 0.999395, 0.99957, 0.99906, 0.999724, 0.99957, 0.999875, 0.999969, 0.999875, 0.999875, 0.999875, 0.999969, 0.999875, 0.999875, 0.999875, 0.999969, 0.999875, 0.999805, 0.999875, 0.999894, 0.999875, 0.999875, 0.999875, 0.999969, 0.999875, 0.999873, 0.999918, 0.999969, 0.999873, 0.999873, 0.999918, 0.999873, 0.999564, 0.999564, 0.999564, 0.999859, 0.999564, 0.999564, 0.999564, 0.999868, 0.999625, 0.999868, 0.999868, 0.99994, 0.999868, 0.991572, 0.991572, 0.992769, 0.990577, 0.993212, 0.993212, 0.994074, 0.993212, 0.993212, 0.993212, 0.994101, 0.993212, 0.993212, 0.993212, 0.994074, 0.992924, 0.991999, 0.991999, 0.992048, 0.991999, 0.991999, 0.991999, 0.992048, 0.992048, 0.992048, 0.992048, 0.992121, 0.99532, 0.992048, 0.992048, 0.992121, 0.992048, 0.992048, 0.996976, 0.997004, 0.997385, 0.997385, 0.997385, 0.999011, 0.999572, 0.999572, 0.998617, 0.997385, 0.999024, 0.997385, 0.997385, 0.997385, 0.992472, 0.999465, 0.99945, 
0.99945, 0.999718, 0.999344, 0.999849, 0.999849, 0.999849, 0.999994, 0.999849, 0.999849, 0.999894, 0.999974, 0.999849, 0.999931, 0.999761, 0.99945, 0.999723, 0.99986, 0.999961, 0.999891, 0.999961, 0.999961, 0.999961, 0.999991, 0.999892, 0.999962, 0.999962, 0.999962, 0.999962, 0.999986, 0.999991, 0.999991, 0.999868, 0.999953, 0.999972, 0.999868, 0.999868, 0.999953, 0.999642, 0.999929, 0.999868, 0.999625, 0.999868, 0.999868, 0.999868, 0.999761, 0.999765, 0.999968, 0.999868, 0.999868, 0.999992, 0.999929, 0.999811, 0.999934, 0.999904, 0.999628, 0.999628, 0.999628, 0.998729, 0.999628, 0.999934, 0.999811, 0.999044, 0.999044, 0.999387, 0.999387, 0.999604, 0.999935, 0.999811, 0.999811, 0.999934, 0.999811, 0.999811, 0.999811, 0.999811, 0.999811, 0.999843, 0.999868, 0.999868, 0.999953, 0.999868, 0.999868, 0.999953, 0.999986, 0.999991, 0.999962, 0.999986, 0.999962, 0.999983, 0.999868, 0.999868, 0.999761, 0.999801, 0.999564, 0.999564, 0.999564, 0.999801, 0.999564, 0.999564, 0.999564, 0.999801, 0.999564, 0.999564, 0.999564, 0.999564, 0.999564, 0.999564, 0.999564, 0.999871, 0.999564, 0.999564, 0.999564, 0.999801, 0.999564, 0.999567, 0.999395, 0.999672, 0.999612, 0.999395, 0.999395, 0.999672, 0.999395, 0.999395, 0.999395, 0.998833, 0.998833, 0.99916, 0.999395, 0.999395, 0.999395, 0.999057, 0.999395, 0.999395, 0.999395, 0.999395, 0.999612, 0.999395, 0.999672, 0.999672, 0.999461, 0.999121, 0.998535, 0.998161, 0.998161, 0.998161, 0.99826, 0.998161, 0.998161, 0.997131, 0.998161, 0.998161, 0.998821, 0.998161, 0.998535, 0.998833, 0.998825, 0.999507, 0.998817, 0.999387, 0.99887, 0.999604, 0.999387, 0.999564, 0.999801, 0.999564, 0.999564, 0.999564, 0.999801, 0.999564, 0.999564, 0.999564, 0.999801, 0.999564, 0.999324, 0.999564, 0.999719, 0.999564, 0.999564, 0.999564, 0.999801, 0.999564, 0.999868, 0.999953, 0.99994, 0.999868, 0.999868, 0.999868, 0.999868, 0.999811, 0.999811, 0.999811, 0.999945, 0.999811, 0.999811, 0.999811, 0.999691, 0.999059, 0.999691, 0.999691, 0.999866, 0.999691, 
0.983211, 0.983211, 0.987694, 0.991904, 0.991482, 0.991482, 0.991483, 0.991482, 0.991482, 0.991482, 0.99267, 0.991482, 0.991482, 0.991482, 0.99267, 0.992526, 0.99315, 0.99315, 0.99315, 0.99315, 0.99315, 0.99315, 0.991899, 0.991899, 0.991899, 0.991899, 0.9919, 0.993769, 0.991899, 0.991899, 0.9919, 0.991899, 0.991899, 0.9919, 0.991903, 0.99532, 0.992048, 0.985365, 0.998806, 0.998806, 0.996976, 0.995163, 0.992048, 0.995356, 0.992048, 0.992048, 0.992048, 0.992048, 0.992622, 0.997385, 0.997385, 0.998617, 0.996863, 0.999011, 0.999011, 0.999011, 0.999817, 0.999011, 0.999011, 0.999071, 0.999597, 0.999011, 0.999481, 0.998954, 0.997385, 0.998096, 0.9986, 0.99945, 0.999216, 0.99945, 0.99945, 0.99945, 0.999938, 0.999605, 0.99986, 0.99986, 0.99986, 0.99986, 0.99995, 0.999938, 0.999938, 0.999691, 0.999896, 0.999936, 0.999691, 0.999691, 0.999896, 0.999228, 0.9998, 0.999691, 0.999059, 0.999059, 0.999691, 0.999691, 0.999926, 0.999843, 0.999927, 0.999691, 0.999691, 0.999984, 0.9998, 0.999228, 0.999747, 0.999752, 0.999121, 0.999121, 0.999121, 0.997374, 0.999121, 0.999747, 0.999228, 0.998729, 0.998729, 0.999628, 0.999628, 0.999873, 0.99989, 0.999228, 0.999228, 0.999747, 0.999228, 0.999228, 0.999228, 0.999228, 0.999228, 0.999518, 0.999691, 0.999691, 0.999896, 0.999691, 0.999691, 0.999896, 0.99995, 0.999938, 0.99986, 0.99995, 0.99986, 0.999925, 0.999691, 0.999691, 0.99979, 0.999899, 0.999811, 0.999811, 0.999811, 0.999899, 0.999811, 0.999811, 0.999811, 0.999899, 0.999811, 0.999811, 0.999811, 0.999811, 0.999811, 0.999811, 0.999811, 0.999964, 0.999811, 0.999811, 0.999811, 0.999899, 0.999811, 0.999746, 0.998817, 0.998817, 0.999236, 0.998817, 0.998817, 0.999109, 0.999109, 0.998817, 0.998817, 0.998029, 0.998236, 0.998515, 0.998817, 0.998817, 0.998817, 0.998148, 0.998817, 0.998817, 0.998817, 0.998817, 0.999236, 0.998817, 0.999109, 0.999109, 0.999041, 0.998135, 0.998144, 0.997935, 0.997935, 0.997935, 0.997944, 0.997935, 0.997935, 0.996793, 0.997935, 0.997935, 
0.997935, 0.998667, 0.998038, 0.998135, 0.998975, 0.999929, 0.999426, 0.999628, 0.999628, 0.999873, 0.999495, 0.999899, 0.999899, 0.999811, 0.999811, 0.999811, 0.999811, 0.999811, 0.999811, 0.999811, 0.999899, 0.999811, 0.9994, 0.999811, 0.999802, 0.999811, 0.999811, 0.999811, 0.999899, 0.999811, 0.999059, 0.999965, 0.999866, 0.999691, 0.999691, 0.999691, 0.999691, 0.999228, 0.999228, 0.999228, 0.999516, 0.999228, 0.999228, 0.999228, 0.997787, 0.996333, 0.996333, 0.996333, 0.997787, 0.996333, 0.953017, 0.953017, 0.967065, 0.974672, 0.983144, 0.983144, 0.983146, 0.983144, 0.983144, 0.983144, 0.98939, 0.983144, 0.983144, 0.983144, 0.983146, 0.989416, 0.991481, 0.991481, 0.991481, 0.991481, 0.991481, 0.991481, 0.99315, 0.993995, 0.99315, 0.99315, 0.99315, 0.99315, 0.99315, 0.99315, 0.99315, 0.99315, 0.99315, 0.991896, 0.993768, 0.991899, 0.991899, 0.992242, 0.9919, 0.995248, 0.9919, 0.992242, 0.991899, 0.993769, 0.991899, 0.991899, 0.991899, 0.991899, 0.991949, 0.992048, 0.992048, 0.995163, 0.996976, 0.996976, 0.996976, 0.996976, 0.998815, 0.996976, 0.996976, 0.997004, 0.998815, 0.998806, 0.995163, 0.99532, 0.992048, 0.992622, 0.993129, 0.997385, 0.99717, 0.997385, 0.997385, 0.997385, 0.99943, 0.997955, 0.9986, 0.9986, 0.9986, 0.9986, 0.999028, 0.99943, 0.99943, 0.996333, 0.997457, 0.997787, 0.996333, 0.996333, 0.997457, 0.996124, 0.996372, 0.996333, 0.996791, 0.994634, 0.996333, 0.996333, 0.996333, 0.99984, 0.999585, 0.996333, 0.996333, 0.998922, 0.997654, 0.996124, 0.997289, 0.997628, 0.996624, 0.996624, 0.996624, 0.995193, 0.996624, 0.997923, 0.996124, 0.997374, 0.997374, 0.999121, 0.999121, 0.999703, 0.998963, 0.996124, 0.996124, 0.997289, 0.996124, 0.996124, 0.996124, 0.996124, 0.996124, 0.996372, 0.996333, 0.996333, 0.997457, 0.996333, 0.996333, 0.997457, 0.999393, 0.99943, 0.9986, 0.999028, 0.9986, 0.99913, 0.996333, 0.996333, 0.998329, 0.999516, 0.999228, 0.999228, 0.999228, 0.999516, 0.999228, 0.999228, 0.999228, 0.999516, 
0.999228, 0.999228, 0.999228, 0.999228, 0.999228, 0.999228, 0.999228, 0.999839, 0.999228, 0.999228, 0.999228, 0.999516, 0.999228, 0.999358, 0.999426, 0.999426, 0.999811, 0.999426, 0.999426, 0.999426, 0.999462, 0.999426, 0.999426, 0.9994, 0.999376, 0.9994, 0.999426, 0.999426, 0.999426, 0.998218, 0.999426, 0.999426, 0.999426, 0.999426, 0.9998, 0.999426, 0.999462, 0.999462, 0.99979, 0.999371, 0.999373, 0.99936, 0.99936, 0.99936, 0.999364, 0.99936, 0.99936, 0.99803, 0.99936, 0.999351, 0.999364, 0.999777, 0.999366, 0.999371, 0.999337, 0.99972, 0.999192, 0.999121, 0.999121, 0.999899, 0.999204, 0.999228, 0.999516, 0.999228, 0.999228, 0.999516, 0.999228, 0.999228, 0.999228, 0.999228, 0.999228, 0.999228, 0.997591, 0.997591, 0.999391, 0.999228, 0.999228, 0.999228, 0.999516, 0.999228, 0.998329, 0.997457, 0.998458, 0.996333, 0.996333, 0.996333, 0.996333, 0.996124, 0.996124, 0.996124, 0.99565, 0.996124, 0.996124, 0.996124, 0.994503, 0.992441, 0.992932, 0.992932, 0.992932, 0.992932, 0.923003, 0.923003, 0.923003, 0.940659, 0.95296, 0.95296, 0.967045, 0.95296, 0.95296, 0.95296, 0.967045, 0.95296, 0.95296, 0.95296, 0.95296, 0.97466, 0.983142, 0.983142, 0.983142, 0.983142, 0.983142, 0.983142, 0.991481, 0.99267, 0.991481, 0.991481, 0.991481, 0.99267, 0.991481, 0.991481, 0.991481, 0.991481, 0.992526, 0.99315, 0.99315, 0.99315, 0.99315, 0.992854, 0.991896, 0.993768, 0.991896, 0.992854, 0.99315, 0.993995, 0.99315, 0.99315, 0.99315, 0.99315, 0.99315, 0.991899, 0.991899, 0.992242, 0.9919, 0.9919, 0.9919, 0.9919, 0.995249, 0.9919, 0.9919, 0.991903, 0.997014, 0.9919, 0.992242, 0.993769, 0.991899, 0.991949, 0.991999, 0.992048, 0.991972, 0.992048, 0.992048, 0.992048, 0.995911, 0.992559, 0.993129, 0.993129, 0.993129, 0.993129, 0.993625, 0.993129, 0.997402, 0.992932, 0.99338, 0.994503, 0.992932, 0.992932, 0.995, 0.993934, 0.993693, 0.992932, 0.992441, 0.992441, 0.994503, 0.992932, 0.992932, 0.997472, 0.995005, 0.994503, 0.992932, 0.993791, 
0.994503, 0.994677, 0.994291, 0.99296, 0.992505, 0.992505, 0.992505, 0.992014, 0.992505, 0.994391, 0.994291, 0.995193, 0.995193, 0.996624, 0.996624, 0.997628, 0.995741, 0.993934, 0.993934, 0.994291, 0.994677, 0.993934, 0.993934, 0.993934, 0.993934, 0.993693, 0.992932, 0.992932, 0.99338, 0.992932, 0.992932, 0.99338, 0.993758, 0.995911, 0.993129, 0.993625, 0.993129, 0.995717, 0.992932, 0.992932, 0.994775, 0.996952, 0.996124, 0.996124, 0.996124, 0.996952, 0.996124, 0.996124, 0.996124, 0.996952, 0.996124, 0.996124, 0.996124, 0.996124, 0.996124, 0.996124, 0.996124, 0.997289, 0.996124, 0.996124, 0.996124, 0.996124, 0.996952, 0.998163, 0.999192, 0.999192, 0.999743, 0.999192, 0.999192, 0.999192, 0.999268, 0.999192, 0.999192, 0.999136, 0.999146, 0.999136, 0.999192, 0.999192, 0.999192, 0.997656, 0.999192, 0.999192, 0.999192, 0.999192, 0.99972, 0.999192, 0.999268, 0.999268, 0.999136, 0.999051, 0.99908, 0.998637, 0.999556, 0.998637, 0.998637, 0.998637, 0.998637, 0.995636, 0.998637, 0.998637, 0.998637, 0.998637, 0.998976, 0.999051, 0.999333, 0.997096, 0.997096, 0.996624, 0.996624, 0.998333, 0.996502, 0.996124, 0.996952, 0.996124, 0.996124, 0.996952, 0.996124, 0.996124, 0.994428, 0.996124, 0.996124, 0.996124, 0.996124, 0.994428, 0.997056, 0.996124, 0.996124, 0.996124, 0.996952, 0.996124, 0.994775, 0.992932, 0.994833, 0.99338, 0.992932, 0.992932, 0.992932, 0.993934, 0.993934, 0.993934, 0.994346, 0.993934, 0.993934, 0.993934, 0.994048, 0.993181, 0.993212, 0.993212, 0.993212, 0.993212, 0.95296, 0.95296, 0.967045, 0.883026, 0.923003, 0.923003, 0.94148, 0.923003, 0.923003, 0.923003, 0.94148, 0.923003, 0.923003, 0.923003, 0.923003, 0.940659, 0.95296, 0.95296, 0.967045, 0.95296, 0.95296, 0.915465, 0.983142, 0.987676, 0.983142, 0.983142, 0.983142, 0.987676, 0.983142, 0.983142, 0.983142, 0.983142, 0.989416, 0.991481, 0.991481, 0.991481, 0.991481, 0.992526, 0.99315, 0.993995, 0.99315, 0.992526, 0.991481, 0.99267, 0.991481, 0.991481, 0.991481, 0.991481, 0.991481, 0.99315, 
0.99315, 0.992854, 0.991896, 0.991896, 0.991896, 0.991896, 0.993768, 0.991896, 0.991896, 0.991896, 0.994729, 0.991896, 0.992854, 0.993995, 0.99315, 0.99315, 0.99315, 0.991899, 0.991898, 0.991899, 0.991899, 0.991899, 0.993831, 0.991948, 0.991999, 0.991999, 0.991999, 0.991999, 0.991999, 0.992048, 0.993831, 0.992924, 0.994074, 0.994048, 0.993212, 0.993212, 0.992629, 0.991572, 0.992595, 0.993212, 0.993181, 0.993181, 0.994048, 0.993212, 0.993212, 0.99407, 0.992485, 0.993212, 0.994048, 0.993274, 0.994048, 0.991572, 0.992801, 0.988016, 0.98384, 0.98384, 0.983512, 0.983512, 0.98384, 0.989598, 0.991616, 0.992014, 0.993101, 0.992505, 0.992505, 0.99296, 0.992055, 0.991616, 0.991572, 0.991616, 0.992736, 0.991572, 0.991572, 0.991572, 0.991572, 0.992595, 0.993212, 0.993212, 0.994074, 0.993212, 0.993212, 0.993243, 0.987267, 0.993831, 0.991999, 0.992048, 0.991999, 0.994055, 0.993212, 0.993212, 0.993584, 0.994677, 0.993934, 0.993934, 0.993934, 0.994677, 0.993934, 0.993934, 0.993934, 0.994677, 0.993934, 0.993934, 0.993934, 0.993934, 0.993934, 0.993934, 0.993934, 0.994291, 0.993934, 0.993934, 0.993934, 0.993934, 0.994677, 0.995476, 0.995857, 0.995857, 0.997461, 0.995857, 0.995857, 0.995857, 0.996385, 0.995857, 0.995857, 0.995089, 0.993357, 0.995451, 0.995857, 0.995857, 0.995857, 0.994076, 0.995857, 0.995857, 0.995857, 0.995857, 0.997096, 0.995857, 0.995857, 0.996693, 0.995089, 0.993357, 0.993357, 0.988612, 0.992807, 0.988612, 0.988612, 0.990159, 0.988612, 0.979733, 0.988612, 0.988612, 0.988612, 0.988612, 0.988612, 0.994382, 0.990746, 0.988016, 0.988016, 0.992505, 0.992505, 0.993383, 0.993385, 0.993934, 0.994677, 0.993934, 0.993934, 0.994677, 0.993934, 0.993934, 0.993555, 0.993934, 0.993934, 0.993934, 0.993934, 0.993555, 0.994019, 0.993934, 0.993934, 0.993934, 0.994677, 0.993934, 0.993613, 0.993212, 0.994074, 0.993212, 0.993212, 0.993212, 0.993212, 0.991572, 0.991572, 0.991572, 0.992736, 0.991572, 0.991572, 0.991573, 0.99267, 0.991482, 0.991482, 0.991482, 0.991482, 0.991482, 
0.983142, 0.987676, 0.983142, 0.95296, 0.95296, 0.95296, 0.95296, 0.95296, 0.95296, 0.95296, 0.967045, 0.95296, 0.95296, 0.95296, 0.95296, 0.940659, 0.923003, 0.923003, 0.94148, 0.923003, 0.923003, 0.940659, 0.95296, 0.95296, 0.95296, 0.95296, 0.95296, 0.967045, 0.95296, 0.95296, 0.95296, 0.95296, 0.97466, 0.983142, 0.983142, 0.987676, 0.983142, 0.986054, 0.991481, 0.99267, 0.991481, 0.989416, 0.983142, 0.987676, 0.983142, 0.983142, 0.983142, 0.983142, 0.983142, 0.991481, 0.991481, 0.992526, 0.99315, 0.99315, 0.993995, 0.993995, 0.99315, 0.99315, 0.99315, 0.993995, 0.99315, 0.99315, 0.992526, 0.99267, 0.991481, 0.991481, 0.991481, 0.99315, 0.99315, 0.99315, 0.99315, 0.99315, 0.993995, 0.99315, 0.99315, 0.99315, 0.99315, 0.99315, 0.99315, 0.99315, 0.993995, 0.992526, 0.991484, 0.99267, 0.99267, 0.991482, 0.98943, 0.983211, 0.990593, 0.991482, 0.991482, 0.991482, 0.99267, 0.991482, 0.991482, 0.992629, 0.993181, 0.991482, 0.991482, 0.991484, 0.993306, 0.983211, 0.983276, 0.954308, 0.95388, 0.95388, 0.953431, 0.953431, 0.967345, 0.974901, 0.983244, 0.983512, 0.987795, 0.98384, 0.98384, 0.98384, 0.983864, 0.983211, 0.983211, 0.983244, 0.987694, 0.983211, 0.983211, 0.983211, 0.983211, 0.989425, 0.991482, 0.991482, 0.99267, 0.991482, 0.991482, 0.991483, 0.99315, 0.99315, 0.99315, 0.99315, 0.99315, 0.993673, 0.991482, 0.991482, 0.991528, 0.992736, 0.991572, 0.991572, 0.991572, 0.992736, 0.991572, 0.991572, 0.991572, 0.991572, 0.991572, 0.991572, 0.991572, 0.992736, 0.991572, 0.991572, 0.991572, 0.991616, 0.991572, 0.991572, 0.991572, 0.991572, 0.992736, 0.992055, 0.986785, 0.986785, 0.990264, 0.986785, 0.986785, 0.986785, 0.989522, 0.986785, 0.986785, 0.984448, 0.971919, 0.965014, 0.989865, 0.986785, 0.986785, 0.986785, 0.986785, 0.986785, 0.986785, 0.986785, 0.988016, 0.986785, 0.986785, 0.989522, 0.986785, 0.977559, 0.971919, 0.960292, 0.967981, 0.960292, 0.960292, 0.965512, 0.960292, 0.947632, 0.960292, 0.960292, 
0.960292, 0.960292, 0.960292, 0.977559, 0.966549, 0.960985, 0.960985, 0.98384, 0.98384, 0.988121, 0.986686, 0.991572, 0.992736, 0.991572, 0.991572, 0.992736, 0.991572, 0.991572, 0.991527, 0.991572, 0.991572, 0.991572, 0.991572, 0.991527, 0.990697, 0.991572, 0.991572, 0.991572, 0.992736, 0.991572, 0.991482, 0.991482, 0.991483, 0.991482, 0.991482, 0.99267, 0.991482, 0.983211, 0.983211, 0.983211, 0.987688, 0.983211, 0.983211, 0.983177, 0.983144, 0.983144, 0.983143, 0.983144, 0.983146, 0.987677, 0.991481, 0.99267, 0.991481, 0.983142, 0.983142, 0.983142, 0.983142, 0.983142, 0.983142, 0.983142, 0.987676, 0.983142, 0.983142, 0.983142, 0.987676, 0.915465, 0.95296, 0.967045, 0.95296, 0.95296, 0.95296, 0.940659, 0.923003, 0.923003, 0.923003, 0.923003, 0.923003, 0.94148, 0.923003, 0.923003, 0.923003, 0.923003, 0.940659, 0.95296, 0.95296, 0.967045, 0.95296, 0.983142, 0.983142, 0.983142, 0.983142, 0.979494, 0.95296, 0.95296, 0.95296, 0.95296, 0.95296, 0.95296, 0.95296, 0.983142, 0.987676, 0.991481, 0.991481, 0.991481, 0.991481, 0.99267, 0.991481, 0.991481, 0.991481, 0.99267, 0.991481, 0.991481, 0.989416, 0.987676, 0.983142, 0.983142, 0.983142, 0.991481, 0.991481, 0.991481, 0.991481, 0.991481, 0.99267, 0.991481, 0.991481, 0.991481, 0.991481, 0.991481, 0.991481, 0.991481, 0.99267, 0.989416, 0.983147, 0.983144, 0.987677, 0.983144, 0.974679, 0.953017, 0.979497, 0.983144, 0.983143, 0.983143, 0.987677, 0.983144, 0.983144, 0.98943, 0.991482, 0.983144, 0.983144, 0.983149, 0.98939, 0.953017, 0.953073, 0.923235, 0.923158, 0.923158, 0.923081, 0.923081, 0.941542, 0.940753, 0.953045, 0.953431, 0.967198, 0.95388, 0.95388, 0.95388, 0.953905, 0.953017, 0.953017, 0.953045, 0.967065, 0.953017, 0.953017, 0.953017, 0.953017, 0.974672, 0.983144, 0.983144, 0.987677, 0.983144, 0.983144, 0.983146, 0.991481, 0.991481, 0.991481, 0.991481, 0.991481, 0.991904, 0.983144, 0.983143, 0.983178, 0.987688, 0.983211, 0.983211, 0.983211, 0.987688, 0.983211, 0.983211, 0.983211, 0.983211, 
0.983211, 0.983211, 0.983211, 0.987688, 0.983211, 0.983211, 0.983211, 0.983244, 0.983211, 0.983211, 0.983211, 0.983211, 0.987688, 0.983541, 0.958846, 0.958846, 0.970604, 0.958846, 0.958846, 0.958846, 0.969576, 0.958846, 0.958846, 0.911245, 0.94862, 0.930516, 0.949438, 0.958846, 0.969576, 0.958846, 0.958846, 0.958846, 0.958846, 0.958846, 0.960985, 0.958846, 0.958846, 0.969576, 0.958846, 0.936321, 0.94862, 0.958846, 0.958846, 0.958846, 0.958846, 0.969576, 0.958846, 0.95623, 0.958846, 0.958846, 0.960985, 0.958846, 0.958846, 0.94862, 0.931385, 0.926385, 0.926385, 0.967345, 0.95388, 0.954715, 0.983211, 0.987688, 0.983211, 0.983211, 0.983211, 0.983211, 0.983211, 0.983211, 0.983177, 0.983211, 0.983211, 0.983211, 0.983211, 0.983142, 0.979585, 0.983211, 0.983211, 0.983211, 0.987688, 0.983244, 0.983143, 0.983144, 0.983147, 0.983144, 0.983144, 0.983144, 0.987677, 0.953017, 0.953017, 0.953017, 0.967059, 0.952988, 0.953017, 0.953017, 0.95296, 0.95296, 0.95296, 0.95296, 0.95296, 0.967045, 0.99315, 0.99315, 0.99315, 0.991481, 0.991481, 0.99267, 0.991481, 0.991481, 0.991481, 0.991481, 0.991481, 0.991481, 0.991481, 0.991481, 0.99267, 0.983142, 0.983142, 0.983142, 0.983142, 0.983142, 0.983142, 0.985001, 0.967045, 0.95296, 0.95296, 0.95296, 0.95296, 0.95296, 0.95296, 0.95296, 0.95296, 0.95296, 0.940659, 0.923003, 0.923003, 0.94148, 0.923003, 0.95296, 0.95296, 0.95296, 0.95296, 0.952704, 0.923003, 0.923003, 0.923003, 0.923003, 0.923003, 0.94148, 0.940659, 0.95296, 0.95296, 0.983142, 0.983142, 0.983142, 0.983142, 0.987676, 0.983142, 0.983142, 0.983142, 0.987676, 0.983142, 0.983142, 0.97466, 0.967045, 0.95296, 0.95296, 0.95296, 0.983142, 0.983142, 0.983142, 0.983142, 0.983142, 0.987676, 0.983142, 0.983142, 0.983142, 0.983142, 0.983142, 0.983142, 0.983142, 0.987676, 0.97466, 0.95296, 0.95296, 0.967045, 0.95296, 0.952704, 0.923003, 0.952704, 0.95296, 0.95296, 0.95296, 0.967045, 0.95296, 0.95296, 0.974672, 0.983144, 0.95296, 0.95296, 0.95296, 
0.967045, 0.940659, 0.94148, 0.95296, 0.95296, 0.95296, 0.95296, 0.95296, 0.967045, 0.940659, 0.923003, 0.923081, 0.941511, 0.923158, 0.923158, 0.923158, 0.923158, 0.923003, 0.923003, 0.923003, 0.94148, 0.923003, 0.923003, 0.923003, 0.923003, 0.940659, 0.95296, 0.95296, 0.967045, 0.95296, 0.95296, 0.95296, 0.987676, 0.983142, 0.983142, 0.983142, 0.983142, 0.97466, 0.95296, 0.95296, 0.952988, 0.967059, 0.953017, 0.953017, 0.953017, 0.953017, 0.953017, 0.953017, 0.953017, 0.967059, 0.953017, 0.953017, 0.953017, 0.967059, 0.953017, 0.953017, 0.953017, 0.953045, 0.953017, 0.953017, 0.953017, 0.953017, 0.967059, 0.953458, 0.925316, 0.925316, 0.926385, 0.925316, 0.925316, 0.925316, 0.942537, 0.925316, 0.925316, 0.942111, 0.967345, 0.953431, 0.942111, 0.925316, 0.942537, 0.925316, 0.92419, 0.925316, 0.925316, 0.925316, 0.926385, 0.926385, 0.925316, 0.942537, 0.953388, 0.95388, 0.95388, 0.974901, 0.983211, 0.983211, 0.983211, 0.987688, 0.983211, 0.983177, 0.983211, 0.987688, 0.983211, 0.983211, 0.983244, 0.967345, 0.953458, 0.953045, 0.953045, 0.941542, 0.923158, 0.923235, 0.953017, 0.967059, 0.953017, 0.953017, 0.953017, 0.953017, 0.953017, 0.953017, 0.953017, 0.953017, 0.953017, 0.953017, 0.953017, 0.95296, 0.952741, 0.953017, 0.953017, 0.953017, 0.967059, 0.953017, 0.952988, 0.95296, 0.95296, 0.95296, 0.95296, 0.95296, 0.967045, 0.923003, 0.923003, 0.923003, 0.94148, 0.923003, 0.923003, 0.923003, 0.923003, 0.923003, 0.923003, 0.923003, 0.923003, 0.94148, 0.991896, 0.991896, 0.991896, 0.99315, 0.99315, 0.993995, 0.99315, 0.99315, 0.99315, 0.99315, 0.99315, 0.99315, 0.99315, 0.99315, 0.993995, 0.991481, 0.991481, 0.991481, 0.991481, 0.991481, 0.991481, 0.991481, 0.987676, 0.983142, 0.983142, 0.983142, 0.983142, 0.983142, 0.983142, 0.983142, 0.983142, 0.987676, 0.915465, 0.95296, 0.967045, 0.95296, 0.95296, 0.923003, 0.923003, 0.94148, 0.923003, 0.95296, 0.95296, 0.95296, 0.95296, 0.95296, 0.95296, 0.967045, 0.940659, 0.923003, 
0.923003, 0.95296, 0.95296, 0.95296, 0.95296, 0.967045, 0.95296, 0.95296, 0.95296, 0.967045, 0.95296, 0.95296, 0.940659, 0.94148, 0.923003, 0.923003, 0.923003, 0.95296, 0.95296, 0.95296, 0.95296, 0.95296, 0.967045, 0.95296, 0.95296, 0.95296, 0.95296, 0.95296, 0.95296, 0.95296, 0.967045, 0.940659, 0.923003, 0.923003, 0.94148, 0.923003, 0.95296, 0.95296, 0.960927, 0.923003, 0.923003, 0.923003, 0.94148, 0.923003, 0.923003, 0.940659, 0.95296, 0.923003, 0.923003, 0.923003, 0.94148, 0.940659, 0.95296, 0.97466, 0.983142, 0.983142, 0.983142, 0.983142, 0.98939, 0.97466, 0.95296, 0.95296, 0.967045, 0.95296, 0.95296, 0.95296, 0.95296, 0.95296, 0.95296, 0.95296, 0.967045, 0.95296, 0.95296, 0.95296, 0.95296, 0.940659, 0.923003, 0.923003, 0.94148, 0.923003, 0.923003, 0.923003, 0.967045, 0.95296, 0.95296, 0.95296, 0.95296, 0.940659, 0.923003, 0.923003, 0.923003, 0.94148, 0.923003, 0.923003, 0.923003, 0.923003, 0.923003, 0.923003, 0.923003, 0.959271, 0.923003, 0.923003, 0.923003, 0.94148, 0.923003, 0.923003, 0.923003, 0.923003, 0.923003, 0.923003, 0.923003, 0.923003, 0.94148, 0.923081, 0.953017, 0.953017, 0.953045, 0.953017, 0.953017, 0.953017, 0.967059, 0.953017, 0.953017, 0.974672, 0.987677, 0.983143, 0.974672, 0.953017, 0.967059, 0.953017, 0.952988, 0.953017, 0.953017, 0.953017, 0.953045, 0.953017, 0.953017, 0.967059, 0.974679, 0.983144, 0.983144, 0.989416, 0.991481, 0.991481, 0.991481, 0.99267, 0.991481, 0.991481, 0.991481, 0.99267, 0.991481, 0.991481, 0.991481, 0.987677, 0.983143, 0.983142, 0.983142, 0.967045, 0.95296, 0.95296, 0.952704, 0.94148, 0.923003, 0.923003, 0.923003, 0.923003, 0.923003, 0.923003, 0.923003, 0.923003, 0.923003, 0.923003, 0.923003, 0.923003, 0.960927, 0.923003, 0.923003, 0.923003, 0.94148, 0.923003, 0.923003, 0.923003, 0.923003, 0.923003, 0.923003, 0.923003, 0.94148, 0.95296, 0.95296, 0.95296, 0.95296, 0.95296, 0.95296, 0.95296, 0.95296, 0.967045, 0.95296, 0.95296, 0.95296, 0.967045, 
0.991893, 0.995245, 0.985024, 0.993768, 0.991896, 0.991896, 0.991896, 0.991896, 0.991896, 0.991896, 0.991896, 0.991896, 0.991896, 0.991896, 0.993768, 0.994039, 0.99315, 0.99315, 0.99315, 0.99315, 0.99315, 0.99315, 0.99267, 0.991481, 0.991481, 0.991481, 0.991481, 0.991481, 0.991481, 0.991481, 0.99267, 0.991481, 0.983142, 0.983142, 0.987676, 0.983142, 0.963918, 0.95296, 0.95296, 0.967045, 0.95296, 0.983142, 0.983142, 0.983142, 0.983142, 0.983142, 0.983142, 0.987676, 0.97466, 0.95296, 0.95296, 0.94148, 0.923003, 0.923003, 0.923003, 0.923003, 0.923003, 0.923003, 0.923003, 0.94148, 0.923003, 0.923003, 0.940659, 0.967045, 0.95296, 0.95296, 0.95296, 0.923003, 0.923003, 0.923003, 0.923003, 0.923003, 0.94148, 0.923003, 0.923003, 0.923003, 0.923003, 0.923003, 0.923003, 0.923003, 0.94148, 0.940659, 0.95296, 0.95296, 0.967045, 0.95296, 0.983142, 0.983142, 0.988226, 0.95296, 0.95296, 0.95296, 0.967045, 0.95296, 0.95296, 0.940659, 0.923003, 0.95296, 0.95296, 0.95296, 0.967045, 0.97466, 0.983142, 0.989416, 0.991481, 0.991481, 0.991481, 0.991481, 0.99267, 0.991904, 0.983142, 0.983142, 0.987676, 0.983142, 0.983142, 0.983142, 0.983142, 0.983142, 0.983142, 0.983142, 0.987676, 0.983142, 0.983142, 0.983142, 0.983142, 0.97466, 0.95296, 0.95296, 0.967045, 0.95296, 0.95296, 0.95296, 0.94148, 0.923003, 0.923003, 0.923003, 0.923003, 0.940659, 0.95296, 0.95296, 0.95296, 0.95296, 0.95296, 0.95296, 0.95296, 0.967045, 0.95296, 0.95296, 0.95296, 0.98619, 0.95296, 0.95296, 0.95296, 0.967045, 0.95296, 0.95296, 0.95296, 0.95296, 0.95296, 0.95296, 0.95296, 0.95296, 0.967045, 0.95296, 0.983142, 0.983142, 0.983142, 0.983142, 0.983142, 0.983142, 0.987676, 0.983142, 0.983142, 0.989416, 0.99267, 0.991481, 0.989416, 0.983142, 0.987676, 0.983142, 0.983142, 0.983142, 0.983142, 0.983142, 0.983142, 0.983142, 0.983142, 0.987676, 0.989416, 0.991481, 0.991481, 0.992526, 0.99315, 0.99315, 0.99315, 0.993995, 0.99315, 0.99315, 0.99315, 0.99315, 
0.99315, 0.99315, 0.993995, 0.99267, 0.991481, 0.991481, 0.991481, 0.987676, 0.983142, 0.983142, 0.97466, 0.967045, 0.95296, 0.95296, 0.95296, 0.95296, 0.95296, 0.95296, 0.95296, 0.95296, 0.95296, 0.95296, 0.95296, 0.95296, 0.985001, 0.95296, 0.95296, 0.95296, 0.967045, 0.95296, 0.95296, 0.95296, 0.95296, 0.95296, 0.95296, 0.95296, 0.967045, 0.963918, 0.983142, 0.983142, 0.983142, 0.987676, 0.983142, 0.983142, 0.983142, 0.987676, 0.983142, 0.983142, 0.983142, 0.987676, 0.996919, 0.998788, 0.995069, 0.991893, 0.991893, 0.991893, 0.991893, 0.991893, 0.991893, 0.995245, 0.991893, 0.991893, 0.991893, 0.991893, 0.991893, 0.992237, 0.991896, 0.991896, 0.993768, 0.991896, 0.991896, 0.992854, 0.99315, 0.99315, 0.99315, 0.99315, 0.993995, 0.99315, 0.99315, 0.99315, 0.99315, 0.99315, 0.991481, 0.991481, 0.99267, 0.991481, 0.989416, 0.983142, 0.983142, 0.983142, 0.983142, 0.991481, 0.991481, 0.991481, 0.991481, 0.991481, 0.991481, 0.99267, 0.989416, 0.983142, 0.983142, 0.967045, 0.95296, 0.95296, 0.95296, 0.967045, 0.95296, 0.95296, 0.95296, 0.95296, 0.95296, 0.95296, 0.97466, 0.983142, 0.987676, 0.983142, 0.983142, 0.95296, 0.95296, 0.95296, 0.95296, 0.95296, 0.967045, 0.95296, 0.95296, 0.95296, 0.95296, 0.95296, 0.95296, 0.95296, 0.967045, 0.915465, 0.987676, 0.983142, 0.983142, 0.983142, 0.991481, 0.991481, 0.992838, 0.983142, 0.983142, 0.983142, 0.987676, 0.983142, 0.983142, 0.97466, 0.95296, 0.983142, 0.983142, 0.983142, 0.987676, 0.989416, 0.991481, 0.992526, 0.99315, 0.99315, 0.99315, 0.99315, 0.993995, 0.993673, 0.991481, 0.991481, 0.99267, 0.991481, 0.991481, 0.991481, 0.991481, 0.991481, 0.991481, 0.991481, 0.99267, 0.991481, 0.991481, 0.991481, 0.99267, 0.963918, 0.987676, 0.983142, 0.983142, 0.983142, 0.983142, 0.983142, 0.967045, 0.95296, 0.95296, 0.95296, 0.95296, 0.97466, 0.983142, 0.983142, 0.983142, 0.983142, 0.983142, 0.983142, 0.983142, 0.987676, 0.983142, 0.983142, 0.983142, 0.991904, 
0.983142, 0.983142, 0.983142, 0.987676, 0.983142, 0.983142, 0.983142, 0.983142, 0.983142, 0.983142, 0.983142, 0.983142, 0.987676, 0.983142, 0.986054, 0.991481, 0.99267, 0.991481, 0.991481, 0.991481, 0.99267, 0.991481, 0.991481, 0.992526, 0.993995, 0.99315, 0.992526, 0.991481, 0.99267, 0.991481, 0.991481, 0.991481, 0.991481, 0.991481, 0.991481, 0.991481, 0.991481, 0.991481, 0.991481, 0.993995, 0.99315, 0.992854, 0.991896, 0.991896, 0.991896, 0.993768, 0.991896, 0.991896, 0.991896, 0.991896, 0.991896, 0.991896, 0.991896, 0.994588, 0.99315, 0.99315, 0.99315, 0.993306, 0.991481, 0.991481, 0.983142, 0.983142, 0.983142, 0.983142, 0.983142, 0.983142, 0.983142, 0.983142, 0.983142, 0.983142, 0.983142, 0.983142, 0.983142, 0.990591, 0.989416, 0.983142, 0.983142, 0.983142, 0.987676, 0.983142, 0.983142, 0.983142, 0.983142, 0.983142, 0.983142, 0.983142, 0.983142, 0.989416, 0.991481, 0.991481, 0.991481, 0.99267, 0.991481, 0.991481, 0.991481, 0.99267, 0.991481, 0.991481, 0.991481, 0.991481, 0.998878, 0.998878, 0.998411, 0.996919, 0.996919, 0.996919, 0.996919, 0.996919, 0.996919, 0.998788, 0.996919, 0.996919, 0.996919, 0.996919, 0.996919, 0.995069, 0.991893, 0.991893, 0.995245, 0.991893, 0.991893, 0.992237, 0.991896, 0.991896, 0.991896, 0.991896, 0.993768, 0.991896, 0.991896, 0.991896, 0.991896, 0.991896, 0.99315, 0.99315, 0.993995, 0.99315, 0.993673, 0.991481, 0.991481, 0.991481, 0.991481, 0.99315, 0.99315, 0.99315, 0.99315, 0.99315, 0.99315, 0.993995, 0.992526, 0.991481, 0.991481, 0.987676, 0.983142, 0.983142, 0.983142, 0.987676, 0.983142, 0.983142, 0.983142, 0.983142, 0.983142, 0.983142, 0.989416, 0.991481, 0.991481, 0.991481, 0.991481, 0.990591, 0.983142, 0.983142, 0.983142, 0.983142, 0.987676, 0.983142, 0.983142, 0.983142, 0.983142, 0.983142, 0.983142, 0.983142, 0.983142, 0.983142, 0.991481, 0.99267, 0.991481, 0.993252, 0.99315, 0.99315, 0.994259, 0.991481, 0.991481, 0.991481, 0.99267, 0.991481, 0.991481, 0.989416, 0.983142, 0.991481, 0.991481, 0.991481, 
0.991481, 0.991481, 0.993995, 0.990446, 0.991896, 0.991896, 0.991896, 0.991896, 0.993768, 0.993768, 0.99315, 0.993995, 0.993995, 0.99315, 0.99315, 0.99315, 0.99315, 0.99315, 0.99315, 0.99315, 0.993995, 0.99315, 0.99315, 0.99315, 0.993995, 0.991481, 0.991481, 0.991481, 0.99267, 0.991481, 0.991481, 0.986054, 0.987676, 0.983142, 0.983142, 0.983142, 0.983142, 0.989416, 0.991481, 0.991481, 0.991481, 0.991481, 0.991481, 0.991481, 0.991481, 0.99267, 0.991481, 0.991481, 0.991481, 0.993673, 0.991481, 0.991481, 0.991481, 0.99267, 0.991481, 0.991481, 0.991481, 0.991481, 0.991481, 0.991481, 0.991481, 0.991481, 0.991481, 0.991481, 0.992526, 0.99315, 0.993995, 0.99315, 0.99315, 0.99315, 0.993995, 0.99315, 0.99315, 0.990446, 0.991896, 0.993768, 0.994, 0.99315, 0.993995, 0.99315, 0.99315, 0.99315, 0.99315, 0.99315, 0.99315, 0.99315, 0.99315, 0.99315, 0.99315, 0.991896, 0.993768, 0.992237, 0.991893, 0.991893, 0.991893, 0.991893, 0.995245, 0.991893, 0.991893, 0.991893, 0.995245, 0.991893, 0.991893, 0.994577, 0.993768, 0.991896, 0.991896, 0.994454, 0.99315, 0.99315, 0.991481, 0.99267, 0.991481, 0.991481, 0.991481, 0.986054, 0.991481, 0.991481, 0.991481, 0.99267, 0.991481, 0.991481, 0.991481, 0.992526, 0.992526, 0.991481, 0.991481, 0.991481, 0.99267, 0.991481, 0.991481, 0.991481, 0.991481, 0.991481, 0.991481, 0.991481, 0.991481, 0.992526, 0.99315, 0.99315, 0.99315, 0.993995, 0.99315, 0.99315, 0.99315, 0.993995, 0.99315, 0.99315, 0.99315, 0.99315, 0.999696, 0.999696, 0.99943, 0.998878, 0.998878, 0.999517, 0.998878, 0.998878, 0.998878, 0.998878, 0.998878, 0.998878, 0.998878, 0.998878, 0.998878, 0.998411, 0.996919, 0.996919, 0.998788, 0.996919, 0.996919, 0.995069, 0.991893, 0.991893, 0.991893, 0.995245, 0.991893, 0.991893, 0.991893, 0.991893, 0.991893, 0.991893, 0.994577, 0.991896, 0.993768, 0.991896, 0.991896, 0.99315, 0.99315, 0.99315, 0.99315, 0.991896, 0.991896, 0.991896, 0.991896, 0.991896, 0.991896, 0.993768, 0.992854, 0.99315, 
0.99315, 0.99267, 0.991481, 0.991481, 0.991481, 0.99267, 0.991481, 0.991481, 0.991481, 0.991481, 0.991481, 0.991481, 0.992526, 0.99315, 0.99315, 0.99315, 0.99315, 0.993252, 0.991481, 0.991481, 0.991481, 0.991481, 0.99267, 0.991481, 0.991481, 0.991481, 0.991481, 0.991481, 0.991481, 0.991481, 0.991481, 0.991481, 0.99315, 0.99315, 0.993995, 0.992854, 0.991896, 0.991896, 0.993768, 0.99315, 0.99315, 0.993995, 0.993995, 0.99315, 0.99315, 0.992526, 0.991481, 0.99315, 0.99315, 0.99315, 0.99315, 0.99315, 0.991896, 0.991896, 0.991893, 0.991893, 0.991893, 0.991893, 0.995245, 0.995245, 0.991896, 0.991896, 0.994729, 0.991896, 0.991896, 0.991896, 0.991896, 0.991896, 0.991896, 0.991896, 0.993768, 0.991896, 0.991896, 0.991896, 0.993768, 0.99315, 0.99315, 0.99315, 0.993995, 0.99315, 0.99315, 0.992526, 0.991481, 0.991481, 0.991481, 0.991481, 0.991481, 0.992526, 0.99315, 0.99315, 0.99315, 0.99315, 0.99315, 0.99315, 0.99315, 0.993995, 0.99315, 0.99315, 0.99315, 0.994, 0.99315, 0.99315, 0.99315, 0.99315, 0.99315, 0.99315, 0.99315, 0.99315, 0.993995, 0.99315, 0.99315, 0.99315, 0.99315, 0.99315, 0.992854, 0.991896, 0.993768, 0.991896, 0.991896, 0.991896, 0.991896, 0.991896, 0.991896, 0.991896, 0.991893, 0.995245, 0.991893, 0.991896, 0.993768, 0.993768, 0.991896, 0.991896, 0.991896, 0.991896, 0.991896, 0.991896, 0.991896, 0.991896, 0.991896, 0.991893, 0.991893, 0.995069, 0.996919, 0.996919, 0.996919, 0.996919, 0.998788, 0.996919, 0.996919, 0.996919, 0.998788, 0.996919, 0.996919, 0.997072, 0.995245, 0.991893, 0.991893, 0.994729, 0.991896, 0.991896, 0.99315, 0.993995, 0.99315, 0.99315, 0.99315, 0.990446, 0.99315, 0.99315, 0.99315, 0.993995, 0.99315, 0.99315, 0.99315, 0.992854, 0.992854, 0.99315, 0.99315, 0.99315, 0.993995, 0.99315, 0.99315, 0.99315, 0.99315, 0.99315, 0.99315, 0.99315, 0.99315, 0.992854, 0.991896, 0.991896, 0.991896, 0.993768, 0.991896, 0.991896, 0.991896, 0.993768, 0.991896, 0.991896, 0.991896, 0.991896, 
0.999999, 0.999985, 0.998657, 0.999696, 0.999925, 0.999696, 0.999696, 0.999696, 0.999696, 0.999696, 0.999696, 0.999696, 0.999696, 0.999925, 0.999696, 0.99634, 0.998878, 0.999517, 0.998878, 0.998878, 0.998878, 0.998411, 0.998788, 0.996919, 0.996919, 0.996919, 0.996919, 0.996919, 0.996919, 0.996919, 0.996919, 0.996919, 0.995069, 0.991893, 0.997013, 0.991893, 0.985024, 0.991896, 0.991896, 0.991896, 0.991896, 0.991893, 0.991893, 0.991893, 0.991893, 0.991893, 0.991893, 0.995245, 0.992237, 0.993768, 0.994039, 0.99315, 0.99315, 0.99315, 0.99315, 0.99315, 0.99315, 0.99315, 0.99315, 0.99315, 0.99315, 0.99315, 0.992854, 0.991896, 0.991896, 0.991896, 0.991896, 0.992854, 0.993995, 0.99315, 0.99315, 0.99315, 0.993995, 0.99315, 0.99315, 0.99315, 0.99315, 0.99315, 0.99315, 0.99315, 0.99315, 0.99315, 0.991896, 0.991896, 0.993768, 0.992237, 0.991893, 0.991893, 0.995245, 0.994577, 0.991896, 0.991896, 0.994729, 0.991896, 0.991896, 0.992854, 0.99315, 0.991896, 0.991896, 0.991896, 0.991896, 0.991896, 0.991893, 0.991893, 0.996919, 0.996919, 0.996919, 0.996919, 0.998788, 0.998788, 0.991893, 0.991893, 0.997013, 0.991893, 0.991893, 0.991893, 0.991893, 0.991893, 0.991893, 0.991893, 0.995245, 0.991893, 0.991893, 0.991893, 0.995245, 0.991896, 0.991896, 0.991896, 0.993768, 0.991896, 0.991896, 0.992854, 0.99315, 0.99315, 0.99315, 0.99315, 0.99315, 0.992854, 0.991896, 0.991896, 0.991896, 0.991896, 0.991896, 0.991896, 0.991896, 0.993768, 0.991896, 0.991896, 0.991896, 0.995082, 0.991896, 0.991896, 0.991896, 0.991896, 0.991896, 0.991896, 0.991896, 0.991896, 0.993768, 0.991896, 0.991896, 0.991896, 0.991896, 0.991896, 0.992237, 0.991893, 0.991893, 0.991893, 0.991893, 0.995245, 0.991893, 0.991893, 0.991893, 0.991893, 0.996919, 0.998788, 0.996919, 0.991893, 0.995245, 0.995245, 0.991893, 0.991893, 0.991893, 0.991893, 0.991893, 0.991893, 0.991893, 0.991893, 0.991893, 0.996919, 0.996919, 0.998411, 0.998878, 0.998878, 0.998878, 0.998878, 0.999517, 0.998878, 0.998878, 0.998878, 
0.999517, 0.998878, 0.998878, 0.999687, 0.998788, 0.998788, 0.995069, 0.995245, 0.991893, 0.991893, 0.991896, 0.993768, 0.991896, 0.991896, 0.991896, 0.991896, 0.991896, 0.991896, 0.991896, 0.991896, 0.991896, 0.991896, 0.991896, 0.992237, 0.992237, 0.991896, 0.991896, 0.991896, 0.993768, 0.991896, 0.991896, 0.991896, 0.991896, 0.991896, 0.991896, 0.991896, 0.991896, 0.992237, 0.991893, 0.991893, 0.991893, 0.995245, 0.991893, 0.991893, 0.991893, 0.995245, 0.991893, 0.991893, 0.991893, 0.991893, 1, 1, 0.999985, 0.999985, 0.999985, 0.999985, 0.999985, 0.999985, 0.999985, 0.999985, 0.999985, 0.999985, 0.999985, 0.999999, 0.999985, 0.999696, 0.999696, 0.999696, 0.999696, 0.999696, 0.999696, 0.99943, 0.999517, 0.998878, 0.998878, 0.998878, 0.998878, 0.998878, 0.998878, 0.998878, 0.999517, 0.998878, 0.990967, 0.998788, 0.998788, 0.996919, 0.995069, 0.991893, 0.985024, 0.991893, 0.991893, 0.996919, 0.998788, 0.990967, 0.996919, 0.996919, 0.998788, 0.998788, 0.991893, 0.991893, 0.994577, 0.991896, 0.991896, 0.991896, 0.991896, 0.991896, 0.991896, 0.991896, 0.991896, 0.991896, 0.991896, 0.991896, 0.992237, 0.991893, 0.991893, 0.991893, 0.991893, 0.992237, 0.993768, 0.991896, 0.991896, 0.991896, 0.993768, 0.991896, 0.991896, 0.991896, 0.991896, 0.991896, 0.991896, 0.991896, 0.991896, 0.991896, 0.991893, 0.991893, 0.991893, 0.995069, 0.996919, 0.996919, 0.998788, 0.997072, 0.991893, 0.991893, 0.997013, 0.991893, 0.991893, 0.992237, 0.991896, 0.991893, 0.991893, 0.991893, 0.991893, 0.991893, 0.996919, 0.996919, 0.998878, 0.998878, 0.998878, 0.998878, 0.999517, 0.999517, 0.996919, 0.996919, 0.99946, 0.996919, 0.996919, 0.996919, 0.996919, 0.996919, 0.996919, 0.996919, 0.998788, 0.996919, 0.996919, 0.996919, 0.998788, 0.991893, 0.991893, 0.991893, 0.995245, 0.991893, 0.991893, 0.992237, 0.991896, 0.991896, 0.991896, 0.991896, 0.991896, 0.992237, 0.991893, 0.991893, 0.991893, 0.991893, 0.991893, 0.991893, 0.991893, 0.995245, 0.991893, 0.991893, 0.991893, 0.995069, 
0.997072, 0.991893, 0.991893, 0.991893, 0.991893, 0.991893, 0.991893, 0.991893, 0.995245, 0.991893, 0.991893, 0.991893, 0.991893, 0.991893, 0.995069, 0.996919, 0.996919, 0.996919, 0.996919, 0.996919, 0.996919, 0.998788, 0.996919, 0.996919, 0.998878, 0.999517, 0.998878, 0.996919, 0.998788, 0.998788, 0.996919, 0.996919, 0.996919, 0.996919, 0.996919, 0.996919, 0.996919, 0.996919, 0.996919, 0.998878, 0.998878, 0.99943, 0.998657, 0.999696, 0.999696, 0.999696, 0.999982, 0.999696, 0.999696, 0.999696, 0.999925, 0.999696, 0.999696, 0.999861, 0.999517, 0.999517, 0.998411, 0.998788, 0.998788, 0.990967, 0.991893, 0.995245, 0.991893, 0.991893, 0.991893, 0.991893, 0.991893, 0.991893, 0.991893, 0.991893, 0.991893, 0.991893, 0.991893, 0.995069, 0.995069, 0.991893, 0.991893, 0.991893, 0.995245, 0.991893, 0.991893, 0.991893, 0.991893, 0.991893, 0.991893, 0.991893, 0.991893, 0.995069, 0.996919, 0.996919, 0.996919, 0.998788, 0.996919, 0.996919, 0.996919, 0.996919, 0.996919, 0.996919, 0.996919, 0.998788, 1, 1, 1, 1, 1, 1, 1, 1, 1, 1, 1, 1, 1, 1, 1, 0.999985, 0.999985, 0.999999, 0.999985, 0.999985, 0.999985, 0.998657, 0.999925, 0.999696, 0.999696, 0.999696, 0.999696, 0.999696, 0.999696, 0.999696, 0.999925, 0.999696, 0.998878, 0.998878, 0.999517, 0.998878, 0.998411, 0.996919, 0.990967, 0.996919, 0.999238, 0.998878, 0.998878, 0.99634, 0.998878, 0.998878, 0.999517, 0.999517, 0.996919, 0.996919, 0.997072, 0.991893, 0.991893, 0.991893, 0.995245, 0.991893, 0.991893, 0.991893, 0.991893, 0.985024, 0.991893, 0.991893, 0.995069, 0.996919, 0.996919, 0.996919, 0.996919, 0.995069, 0.995245, 0.991893, 0.991893, 0.991893, 0.995245, 0.991893, 0.991893, 0.991893, 0.991893, 0.991893, 0.991893, 0.991893, 0.991893, 0.991893, 0.996919, 0.996919, 0.996919, 0.999413, 0.998878, 0.998878, 0.999517, 0.999238, 0.996919, 0.996919, 0.99946, 0.996919, 0.996919, 0.995069, 0.991893, 0.996919, 0.996919, 0.996919, 
0.996919, 0.990967, 0.998411, 0.999517, 0.999696, 0.998657, 0.999696, 0.999696, 0.999925, 0.999982, 0.998878, 0.998878, 0.999781, 0.998878, 0.998878, 0.998878, 0.998878, 0.998878, 0.998878, 0.998878, 0.999517, 0.998878, 0.998878, 0.998878, 0.999517, 0.996919, 0.996919, 0.996919, 0.998788, 0.996919, 0.996919, 0.995069, 0.991893, 0.991893, 0.991893, 0.991893, 0.991893, 0.995069, 0.996919, 0.996919, 0.996919, 0.996919, 0.996919, 0.996919, 0.996919, 0.996919, 0.996919, 0.996919, 0.996919, 0.996919, 0.999687, 0.996919, 0.996919, 0.996919, 0.996919, 0.996919, 0.996919, 0.996919, 0.998788, 0.996919, 0.996919, 0.996919, 0.996919, 0.996919, 0.998411, 0.998878, 0.998878, 0.998878, 0.998878, 0.998878, 0.998878, 0.999517, 0.998878, 0.998878, 0.999696, 0.999925, 0.999696, 0.998878, 0.999517, 0.999517, 0.998878, 0.998878, 0.998878, 0.998878, 0.998878, 0.998878, 0.998878, 0.99634, 0.999517, 0.999696, 0.999696, 0.999933, 0.99973, 0.999985, 0.999985, 0.999985, 0.999999, 0.999985, 0.999985, 0.999985, 1, 0.999985, 0.999985, 0.999996, 0.999982, 0.999696, 0.999742, 0.999517, 0.998878, 0.998411, 0.996919, 0.996919, 0.996919, 0.996919, 0.996919, 0.996919, 0.996919, 0.996919, 0.996919, 0.996919, 0.996919, 0.996919, 0.996919, 0.998411, 0.998411, 0.996919, 0.996919, 0.996919, 0.998788, 0.996919, 0.996919, 0.996919, 0.996919, 0.996919, 0.996919, 0.996919, 0.996919, 0.998411, 0.998878, 0.998878, 0.998878, 0.999517, 0.998878, 0.998878, 0.998878, 0.998878, 0.998878, 0.998878, 0.998878, 0.999517, 1, 1, 1, 1, 1, 1, 1, 1, 1, 1, 1, 1, 1, 1, 1, 1, 1, 1, 1, 1, 1, 0.999985, 0.999985, 0.999985, 0.999985, 0.999985, 0.999985, 0.999985, 0.999985, 0.999985, 0.999999, 0.999985, 0.999696, 0.999696, 0.999925, 0.999696, 0.99943, 0.998878, 0.99634, 0.998878, 0.999742, 0.999696, 0.999696, 0.998657, 0.999696, 0.999696, 0.999925, 0.999925, 0.998878, 0.998878, 
0.999238, 0.996919, 0.996919, 0.996919, 0.998788, 0.996919, 0.996919, 0.996919, 0.996919, 0.990967, 0.996919, 0.996919, 0.998411, 0.998878, 0.998878, 0.998878, 0.998878, 0.998411, 0.998788, 0.996919, 0.996919, 0.996919, 0.998788, 0.996919, 0.996919, 0.996919, 0.996919, 0.996919, 0.996919, 0.996919, 0.996919, 0.996919, 0.998878, 0.998878, 0.998878, 0.999696, 0.999696, 0.999696, 0.999925, 0.999742, 0.998878, 0.998878, 0.999781, 0.998878, 0.998878, 0.998411, 0.996919, 0.998878, 0.998878, 0.998878, 0.998878, 0.99634, 0.99943, 0.999696, 0.999933, 0.999985, 0.999985, 0.999985, 0.999985, 1, 0.999696, 0.999696, 0.999982, 0.999696, 0.999696, 0.999696, 0.999696, 0.999696, 0.999696, 0.999696, 0.999925, 0.999696, 0.999696, 0.999696, 0.999925, 0.998878, 0.998878, 0.998878, 0.999517, 0.998878, 0.998878, 0.998411, 0.996919, 0.996919, 0.996919, 0.996919, 0.996919, 0.998411, 0.998878, 0.998878, 0.998878, 0.998878, 0.998878, 0.998878, 0.998878, 0.998878, 0.998878, 0.998878, 0.998878, 0.998878, 0.999861, 0.998878, 0.998878, 0.998878, 0.999517, 0.998878, 0.998878, 0.998878, 0.999517, 0.998878, 0.998878, 0.998878, 0.998878, 0.998878, 0.99943, 0.999696, 0.999696, 0.999696, 0.999696, 0.999696, 0.999696, 0.999925, 0.999696, 0.999696, 0.99973, 1, 0.999985, 0.999696, 0.999925, 0.999925, 0.999696, 0.999696, 0.999696, 0.999696, 0.999696, 0.999696, 0.999696, 0.998657, 0.999696, 0.999933, 0.999999, 0.999999, 0.999978, 1, 1, 1, 1, 1, 1, 1, 1, 1, 1, 1, 1, 0.999985, 0.999984, 0.999925, 0.999696, 0.99943, 0.999517, 0.998878, 0.998878, 0.998878, 0.99634, 0.998878, 0.998878, 0.998878, 0.998878, 0.998878, 0.998878, 0.998878, 0.998878, 0.99943, 0.99943, 0.998878, 0.998878, 0.998878, 0.999517, 0.998878, 0.998878, 0.998878, 0.998878, 0.998878, 0.998878, 0.998878, 0.998878, 0.99943, 0.999696, 0.999696, 0.999696, 0.999696, 0.999696, 0.999696, 0.999696, 0.999925, 0.999696, 0.999696, 0.999696, 0.999925, 
1, 1, 1, 1, 1, 1, 1, 1, 1, 1, 1, 1, 1, 1, 1, 1, 1, 1, 1, 1, 1, 1, 1, 1, 1, 1, 1, 1, 1, 1, 1, 1, 0.999985, 0.999985, 0.999999, 0.999999, 0.998657, 0.999696, 0.999696, 0.999696, 0.999933, 0.999985, 0.999985, 0.99973, 0.999985, 0.999985, 0.999999, 0.999999, 0.999696, 0.999696, 0.999882, 0.998878, 0.998878, 0.998878, 0.998878, 0.998878, 0.998878, 0.998878, 0.998878, 0.99634, 0.998878, 0.998878, 0.99943, 0.999696, 0.999696, 0.999696, 0.999696, 0.99943, 0.999517, 0.998878, 0.998878, 0.998878, 0.999517, 0.998878, 0.998878, 0.998878, 0.998878, 0.998878, 0.998878, 0.998878, 0.99634, 0.999517, 0.998657, 0.999925, 0.999696, 0.99973, 0.999985, 0.999985, 0.999999, 0.999999, 0.999696, 0.999696, 0.999982, 0.999696, 0.999696, 0.99943, 0.998878, 0.999696, 0.999696, 0.999696, 0.999696, 0.998657, 0.999933, 0.999985, 0.999999, 1, 1, 1, 1, 1, 1, 0.999985, 1, 0.999985, 0.999985, 0.999985, 0.999985, 0.999985, 0.999985, 0.999985, 0.999999, 0.999985, 0.999985, 0.999985, 0.999999, 0.999696, 0.999696, 0.999696, 0.999925, 0.999696, 0.999696, 0.99943, 0.999517, 0.998878, 0.998878, 0.998878, 0.99634, 0.99943, 0.999696, 0.999696, 0.999696, 0.999696, 0.999696, 0.999696, 0.999696, 0.999696, 0.999696, 0.999696, 0.999696, 0.999696, 0.999996, 0.999696, 0.999696, 0.999696, 0.999925, 0.999696, 0.999696, 0.999696, 0.999925, 0.999696, 0.999696, 0.999696, 0.999696, 0.999696, 0.999933, 0.999985, 0.999985, 0.999985, 0.999985, 0.999985, 0.999985, 0.999985, 0.999985, 0.999985, 0.999999, 1, 1, 1, 0.999999, 0.999999, 0.999985, 0.999985, 0.999985, 0.999985, 0.999985, 0.999985, 0.999985, 0.99973, 0.999985, 0.999999, 1, 1, 1, 1, 1, 1, 1, 1, 1, 1, 
1, 1, 1, 1, 1, 1, 1, 0.999999, 0.999985, 0.999933, 0.999925, 0.999696, 0.999696, 0.999696, 0.998657, 0.999696, 0.999696, 0.999696, 0.999696, 0.999696, 0.999696, 0.999696, 0.999696, 0.999933, 0.999933, 0.999696, 0.999696, 0.999696, 0.999925, 0.999696, 0.999696, 0.999696, 0.999696, 0.999696, 0.999696, 0.999696, 0.999696, 0.999933, 0.999985, 0.999985, 0.999985, 0.999985, 0.999985, 0.999985, 0.999985, 0.999999, 0.999985, 0.999985, 0.999985, 0.999999, 1, 1, 1, 1, 1, 1, 1, 1, 1, 1, 1, 1, 1, 1, 1, 1, 1, 1, 1, 1, 1, 1, 1, 1, 1, 1, 1, 1, 1, 1, 1, 1, 1, 1, 1, 1, 0.999985, 0.999985, 0.99973, 0.999985, 0.999999, 1, 1, 0.999978, 1, 1, 1, 1, 0.999985, 0.999985, 1, 0.999696, 0.999696, 0.999696, 0.999696, 0.999696, 0.999696, 0.999696, 0.999696, 0.998657, 0.999696, 0.999696, 0.999933, 0.999985, 0.999985, 0.999985, 0.999985, 0.999933, 0.999925, 0.999696, 0.999696, 0.999696, 0.999925, 0.999696, 0.999696, 0.999696, 0.999696, 0.999696, 0.999696, 0.999696, 0.998657, 0.999696, 0.999933, 0.999985, 0.999999, 0.999978, 1, 1, 1, 1, 0.999985, 0.999985, 1, 0.999985, 0.999985, 0.999933, 0.999696, 0.999985, 0.999985, 0.999985, 0.999985, 0.99973, 0.999999, 1, 1, 1, 1, 1, 1, 1, 1, 1, 1, 1, 1, 1, 0.999978, 1, 1, 1, 1, 1, 1, 1, 1, 0.999985, 0.999985, 0.999999, 0.999999, 0.999985, 0.999985, 0.998657, 0.999925, 0.999696, 0.999696, 0.999696, 0.998657, 0.999933, 0.999985, 0.999985, 0.999985, 0.999985, 0.999985, 0.999985, 0.999985, 0.999985, 0.999985, 0.999985, 0.999985, 0.999985, 
1, 0.999985, 0.999985, 0.999985, 0.999999, 0.999985, 0.999985, 0.999985, 0.999999, 0.999985, 0.999985, 0.999985, 0.999985, 0.999985, 0.999999, 1, 1, 1, 1, 1, 1, 1, 1, 1, 1, 1, 1, 1, 1, 1, 1, 1, 1, 1, 1, 1, 1, 0.999978, 1, 1, 1, 1, 1, 1, 1, 1, 1, 1, 1, 1, 1, 1, 1, 1, 1, 1, 1, 1, 1, 0.999999, 0.999999, 0.999985, 0.999985, 0.999985, 0.99973, 0.999985, 0.999985, 0.999985, 0.999985, 0.999985, 0.999985, 0.999985, 0.999985, 0.999999, 0.999999, 0.999985, 0.999985, 0.999985, 0.999999, 0.999985, 0.999985, 0.999985, 0.999985, 0.999985, 0.999985, 0.999985, 0.999985, 0.99973, 1, 1, 1, 1, 1, 1, 1, 1, 1, 1, 1, 1, 0.999983, 0.999983, 1, 1, 1, 1, 1, 1, 1, 1, 1, 1, 1, 1, 1, 1, 1, 1, 1, 1, 1, 1, 1, 1, 1, 1, 1, 1, 1, 1, 1, 1, 1, 1, 1, 1, 1, 1, 0.999978, 1, 1, 1, 1, 1, 1, 1, 1, 1, 1, 1, 1, 0.999985, 0.999985, 0.999985, 0.999985, 0.999985, 0.999985, 0.999985, 0.999985, 0.99973, 0.999985, 0.999985, 0.999999, 1, 1, 1, 1, 0.999999, 0.999999, 0.999985, 0.999985, 0.999985, 0.999999, 0.999985, 0.999985, 0.999985, 0.999985, 0.999985, 0.999985, 0.999985, 0.99973, 0.999985, 0.999999, 1, 1, 1, 1, 1, 1, 1, 1, 1, 1, 1, 1, 0.999999, 0.999985, 1, 1, 1, 
1, 0.504959, 1, 1, 1, 1, 1, 1, 1, 1, 1, 1, 1, 1, 1, 1, 1, 1, 1, 1, 1, 1, 1, 1, 1, 1, 1, 1, 1, 1, 1, 0.999985, 0.999985, 0.999985, 0.999985, 0.999985, 0.99973, 0.999999, 1, 1, 1, 1, 1, 1, 1, 1, 1, 1, 1, 1, 1, 1, 1, 1, 1, 1, 1, 1, 1, 1, 1, 1, 1, 1, 1, 1, 1, 1, 1, 1, 1, 1, 1, 1, 1, 1, 1, 1, 1, 1, 1, 1, 1, 1, 1, 1, 1, 1, 1, 1, 1, 1, 1, 1, 1, 1, 1, 1, 1, 1, 1, 1, 1, 1, 1, 1, 1, 1, 1, 1, 1, 1, 1, 1, 0.999978, 1, 1, 1, 1, 1, 1, 1, 1, 1, 1, 1, 1, 1, 1, 1, 1, 1, 1, 1, 1, 1, 1, 0.999978, 1, 1, 1, 1, 1, 1, 1, 1, 1, 1, 1, 1, 0.999562, 0.999562, 0.999983, 0.999983, 0.999983, 0.999983, 0.999983, 0.999983, 0.999983, 0.999983, 0.999983, 0.999983, 0.999983, 0.999999, 0.999708, 1, 1, 1, 1, 1, 1, 1, 1, 1, 1, 1, 1, 1, 1, 1, 1, 1, 1, 1, 1, 1, 1, 1, 1, 1, 1, 1, 1, 1, 1, 1, 1, 1, 1, 1, 
1, 1, 1, 1, 1, 1, 1, 1, 0.999978, 0.999978, 1, 1, 1, 1, 1, 1, 1, 1, 1, 1, 1, 1, 1, 1, 1, 1, 1, 1, 1, 1, 0.999978, 1, 1, 1, 1, 1, 1, 1, 1, 1, 1, 1, 1, 1, 1, 1, 1, 1, 1, 1, 1, 0.503288, 1, 1, 1, 1, 1, 1, 1, 1, 1, 1, 1, 1, 1, 1, 1, 1, 1, 1, 1, 1, 1, 1, 1, 1, 1, 1, 1, 1, 1, 1, 1, 1, 1, 1, 0.999978, 1, 1, 1, 1, 1, 1, 1, 1, 1, 1, 1, 1, 1, 1, 1, 1, 1, 1, 1, 1, 1, 1, 1, 1, 1, 1, 1, 1, 1, 1, 1, 1, 1, 1, 1, 1, 1, 1, 1, 1, 1, 1, 1, 1, 1, 1, 1, 1, 1, 1, 1, 1, 1, 1, 1, 0.999978, 1, 1, 1, 1, 1, 1, 1, 1, 1, 1, 1, 1, 1, 1, 1, 1, 1, 1, 1, 1, 1, 1, 1, 1, 1, 1, 1, 1, 1, 1, 1, 1, 1, 1, 1, 1, 1, 1, 1, 1, 1, 1, 1, 1, 1, 1, 1, 1, 1, 1, 1, 1, 1, 1, 1, 1, 1, 
0.998683, 0.996795, 0.999562, 0.999562, 0.999562, 0.999562, 0.999562, 0.999562, 0.999562, 0.999562, 0.999562, 0.999562, 0.999562, 0.99987, 0.999913, 0.999983, 0.999983, 0.999999, 0.999983, 0.999983, 0.999999, 1, 1, 1, 1, 1, 1, 1, 1, 1, 1, 1, 1, 1, 1, 1, 1, 1, 1, 1, 1, 1, 1, 1, 1, 1, 1, 1, 1, 1, 1, 1, 1, 1, 1, 1, 1, 1, 1, 1, 1, 1, 1, 1, 1, 1, 1, 1, 1, 1, 1, 1, 1, 1, 1, 1, 1, 1, 1, 1, 1, 1, 1, 1, 1, 1, 1, 1, 1, 1, 1, 1, 1, 1, 1, 1, 1, 1, 1, 1, 1, 0.500826, 1, 1, 1, 1, 0.999978, 1, 1, 1, 1, 1, 1, 1, 1, 1, 1, 1, 1, 1, 1, 1, 1, 1, 1, 1, 1, 1, 1, 1, 1, 1, 1, 1, 1, 1, 1, 1, 1, 1, 1, 1, 1, 1, 1, 1, 1, 1, 1, 1, 1, 1, 1, 1, 1, 1, 1, 1, 1, 1, 1, 1, 1, 1, 1, 1, 1, 1, 1, 1, 1, 1, 1, 1, 1, 1, 1, 1, 1, 1, 1, 1, 1, 1, 1, 1, 1, 1, 1, 1, 1, 1, 0.999708, 0.999708, 0.999983, 0.999983, 0.999983, 1, 0.999983, 0.999983, 
0.999999, 0.999999, 0.999983, 1, 1, 1, 1, 1, 1, 1, 1, 1, 1, 1, 0.502553, 1, 1, 1, 1, 1, 1, 1, 1, 1, 1, 1, 1, 1, 1, 1, 1, 1, 1, 1, 1, 1, 1, 1, 1, 1, 1, 1, 1, 1, 1, 1, 1, 1, 1, 1, 0.997916, 0.997931, 0.997945, 0.997945, 0.997945, 0.997945, 0.997945, 0.997945, 0.996795, 0.997945, 0.997945, 0.997945, 0.997945, 0.998683, 0.999051, 0.999562, 0.999562, 0.99987, 0.999562, 0.999562, 0.999913, 0.999983, 0.999983, 0.999983, 0.999983, 0.999983, 0.999983, 0.999983, 0.999983, 0.999999, 0.999983, 0.999999, 1, 1, 1, 1, 1, 1, 1, 1, 1, 1, 1, 0.999978, 1, 1, 1, 1, 1, 1, 1, 1, 1, 1, 1, 1, 1, 1, 1, 1, 1, 1, 1, 1, 1, 1, 1, 1, 1, 1, 1, 1, 1, 1, 1, 1, 1, 1, 1, 1, 1, 1, 1, 1, 1, 1, 1, 1, 1, 1, 1, 1, 1, 1, 1, 1, 1, 1, 1, 1, 1, 0.500066, 1, 1, 1, 0.999983, 0.999708, 0.999983, 0.999983, 1, 1, 1, 1, 1, 1, 1, 1, 1, 1, 1, 1, 1, 1, 1, 1, 1, 1, 1, 1, 1, 1, 1, 1, 1, 1, 1, 1, 1, 1, 1, 1, 1, 1, 1, 1, 1, 1, 1, 1, 1, 
1, 1, 1, 1, 1, 1, 1, 1, 1, 1, 1, 1, 1, 1, 1, 1, 1, 1, 1, 1, 1, 1, 1, 1, 1, 0.999999, 0.999999, 0.999999, 1, 1, 1, 1, 1, 1, 1, 1, 1, 0.999978, 0.999978, 1, 0.999983, 0.999999, 0.99852, 0.99852, 0.999562, 0.999562, 0.999562, 0.999962, 0.999562, 0.999562, 0.99987, 0.99987, 0.999562, 0.999999, 1, 0.999983, 1, 1, 1, 1, 1, 1, 1, 1, 0.500567, 1, 1, 1, 1, 1, 1, 1, 1, 1, 1, 1, 1, 1, 1, 1, 1, 1, 1, 1, 1, 1, 1, 1, 1, 1, 1, 1, 1, 1, 1, 1, 1, 1, 1, 1, 0.999302, 0.998851, 0.997916, 0.997916, 0.997916, 0.997916, 0.997916, 0.997916, 0.996684, 0.997916, 0.997916, 0.997916, 0.997916, 0.998655, 0.997931, 0.997945, 0.997945, 0.998683, 0.997945, 0.997945, 0.999051, 0.99987, 0.999562, 0.999562, 0.999562, 0.99852, 0.999562, 0.999562, 0.999562, 0.99987, 0.999562, 0.999913, 0.999983, 1, 0.999983, 0.999999, 1, 0.999978, 0.999978, 1, 0.999999, 0.999999, 0.999708, 0.999708, 0.999983, 0.999983, 1, 1, 1, 1, 1, 1, 1, 1, 1, 1, 1, 1, 1, 1, 1, 1, 1, 1, 1, 1, 1, 1, 1, 1, 1, 1, 1, 1, 1, 1, 1, 1, 1, 1, 1, 1, 1, 1, 1, 0.999978, 0.999983, 0.999983, 0.999983, 1, 1, 1, 1, 1, 1, 1, 1, 1, 1, 1, 
1, 0.5, 0.999978, 1, 0.999999, 0.999562, 0.99852, 0.999562, 0.999562, 0.999962, 0.999992, 0.999983, 0.999999, 0.999999, 0.999983, 0.999983, 0.999983, 0.999983, 0.999983, 0.999983, 0.999983, 0.999999, 0.999983, 0.999999, 1, 1, 1, 1, 1, 1, 1, 1, 1, 1, 1, 1, 1, 1, 1, 1, 1, 0.999978, 1, 1, 1, 1, 0.999978, 1, 1, 1, 1, 1, 1, 1, 1, 1, 1, 1, 1, 1, 1, 1, 1, 1, 1, 0.999983, 0.999983, 0.999983, 0.999983, 0.999983, 0.999983, 0.999983, 0.999983, 0.999983, 0.999995, 0.999562, 0.99987, 0.999974, 0.999983, 1, 0.999983, 0.999983, 0.999983, 0.999999, 0.999983, 0.999983, 0.999983, 0.999708, 0.999708, 0.999983, 0.999562, 0.999562, 0.999051, 0.996795, 0.997945, 0.997945, 0.997945, 0.998683, 0.997945, 0.997945, 0.997945, 0.999155, 0.997945, 0.99982, 0.999947, 0.999562, 1, 0.999999, 0.999708, 1, 1, 1, 1, 1, 0.500044, 1, 1, 1, 1, 1, 1, 1, 1, 1, 1, 1, 1, 1, 1, 1, 1, 1, 1, 1, 1, 1, 1, 0.999978, 0.999983, 0.999983, 0.999983, 0.999999, 0.999983, 0.999983, 0.999983, 0.999983, 0.999983, 0.999983, 0.999983, 0.999983, 0.997292, 0.998993, 0.999302, 0.999302, 0.999302, 0.999302, 0.999302, 0.999302, 0.999302, 0.999302, 0.999302, 0.999302, 0.999302, 0.999302, 0.998851, 0.997916, 0.997916, 0.998655, 0.997916, 0.997916, 0.997931, 0.998683, 0.997945, 0.997945, 0.997945, 0.997945, 0.997945, 0.997945, 0.997945, 0.997945, 0.997945, 0.999051, 0.999562, 0.999962, 0.999562, 0.999974, 0.999983, 0.999708, 0.999708, 0.999983, 0.999974, 0.999562, 0.99852, 0.99852, 0.999562, 0.999562, 0.999962, 0.999974, 0.999983, 0.999999, 
1, 1, 1, 0.999978, 1, 1, 1, 1, 0.999978, 0.999978, 1, 1, 0.999999, 0.999983, 0.999983, 0.999983, 0.999983, 0.999999, 1, 1, 1, 1, 1, 1, 1, 1, 1, 1, 1, 1, 0.999978, 0.999978, 1, 0.999983, 0.999999, 0.999708, 0.999562, 0.999562, 0.999562, 0.999992, 0.999995, 0.999983, 1, 0.999999, 0.999983, 0.999999, 1, 0.999983, 0.999983, 0.999983, 0.999983, 0.5, 0.999708, 0.999562, 0.999562, 0.999051, 0.996795, 0.997945, 0.997945, 0.998683, 0.99975, 0.999719, 0.99987, 0.99987, 0.999562, 0.999562, 0.999562, 0.999562, 0.999562, 0.999562, 0.999562, 0.99987, 0.999562, 0.99987, 0.999992, 0.999983, 0.999983, 0.999999, 0.999983, 0.999983, 0.999983, 0.999999, 1, 1, 1, 1, 0.999978, 0.999999, 0.999983, 0.999983, 0.999983, 0.999708, 0.999983, 0.999983, 0.999983, 0.999983, 0.999983, 0.999983, 0.999983, 0.999983, 0.999992, 0.999983, 0.999983, 0.999983, 0.999999, 0.999983, 0.999983, 0.999983, 0.999983, 0.999983, 0.999983, 0.999983, 0.999983, 0.999983, 0.999983, 0.999562, 0.999562, 0.999562, 0.999562, 0.999562, 0.999562, 0.999562, 0.999562, 0.999562, 0.999051, 0.997945, 0.998683, 0.999392, 0.999562, 0.999962, 0.999562, 0.999562, 0.999562, 0.99987, 0.999562, 0.999562, 0.999562, 0.99852, 0.99852, 0.999562, 0.997945, 0.997945, 0.997931, 0.996684, 0.997916, 0.997916, 0.997916, 0.998655, 0.997916, 0.997916, 0.997916, 0.999132, 0.997916, 0.999144, 0.999144, 0.99961, 0.999917, 0.99987, 0.999913, 0.999983, 0.999983, 0.999983, 0.999983, 0.999983, 0.999708, 0.999983, 0.999983, 0.999983, 0.999983, 0.999708, 0.999983, 0.999983, 0.999983, 0.999974, 0.999983, 0.999983, 0.999983, 0.999983, 0.999983, 0.999983, 0.999983, 0.999983, 0.999983, 0.999983, 0.999983, 0.999983, 0.999983, 0.999913, 0.999562, 0.999562, 0.999562, 0.999562, 0.999562, 0.999562, 0.999562, 0.999562, 0.99987, 0.999562, 0.999562, 0.999562, 
0.980586, 0.993187, 0.997292, 0.997292, 0.997292, 0.997292, 0.997292, 0.997292, 0.997292, 0.997292, 0.997292, 0.997292, 0.997292, 0.997292, 0.998993, 0.999302, 0.999302, 0.999773, 0.999302, 0.999302, 0.998851, 0.998655, 0.997916, 0.997916, 0.997916, 0.997916, 0.997916, 0.997916, 0.997916, 0.997916, 0.997916, 0.997931, 0.997945, 0.999155, 0.997945, 0.997945, 0.999562, 0.99852, 0.99852, 0.99987, 0.997945, 0.997945, 0.996795, 0.996795, 0.997945, 0.997945, 0.999155, 0.999392, 0.999562, 0.999998, 0.999983, 0.999983, 0.999983, 0.999708, 0.999983, 0.999983, 0.999983, 0.999983, 0.999708, 0.999708, 0.999983, 0.999983, 0.999913, 0.999562, 0.999562, 0.999562, 0.999562, 0.999913, 0.999999, 0.999983, 0.999983, 0.999983, 0.999999, 0.999983, 0.999983, 0.999983, 0.999983, 0.999983, 0.999983, 0.999983, 0.999708, 0.999708, 0.999983, 0.999562, 0.999562, 0.999562, 0.997945, 0.997945, 0.997945, 0.99961, 0.999719, 0.999562, 0.999962, 0.99987, 0.999562, 0.999913, 0.999983, 0.999562, 0.999562, 0.999562, 0.999562, 0.5, 0.99852, 0.997945, 0.997945, 0.997931, 0.996684, 0.997916, 0.997916, 0.998655, 0.999132, 0.99915, 0.998683, 0.998683, 0.997945, 0.997945, 0.997945, 0.997945, 0.997945, 0.997945, 0.997945, 0.998683, 0.997945, 0.998683, 0.99961, 0.999562, 0.999562, 0.999962, 0.999562, 0.999562, 0.999562, 0.999708, 0.999983, 0.999983, 0.999983, 0.999983, 0.999913, 0.999913, 0.999562, 0.999562, 0.999562, 0.99852, 0.999562, 0.999562, 0.999562, 0.999562, 0.999562, 0.999562, 0.999562, 0.999562, 0.99961, 0.999562, 0.999562, 0.999562, 0.99987, 0.999562, 0.999562, 0.999562, 0.999562, 0.999562, 0.999562, 0.999562, 0.999562, 0.999562, 0.999562, 0.997945, 0.997945, 0.997945, 0.997945, 0.997945, 0.997945, 0.997945, 0.997945, 0.997945, 0.997931, 0.997916, 0.998655, 0.997916, 0.997945, 0.999155, 0.998683, 0.997945, 0.997945, 0.998683, 0.997945, 0.997945, 0.997945, 0.996795, 0.996795, 0.997945, 0.997916, 0.997916, 0.998851, 0.5, 0.999302, 0.999302, 0.999302, 0.999773, 0.999773, 0.999302, 
0.999302, 0.999921, 0.999302, 0.999738, 0.999738, 0.999138, 0.99915, 0.998683, 0.999051, 0.999562, 0.999562, 0.999562, 0.999562, 0.999562, 0.99852, 0.999562, 0.999562, 0.999562, 0.999562, 0.99852, 0.999562, 0.999562, 0.999562, 0.999392, 0.999562, 0.999562, 0.999562, 0.999562, 0.999562, 0.999562, 0.999562, 0.999562, 0.999562, 0.999562, 0.999562, 0.999562, 0.999562, 0.996795, 0.997945, 0.997945, 0.997945, 0.997945, 0.997945, 0.997945, 0.997945, 0.997945, 0.998683, 0.997945, 0.997945, 0.997945, 0.930794, 0.980586, 0.980586, 0.952994, 0.980586, 0.980586, 0.980586, 0.980586, 0.980586, 0.980586, 0.980586, 0.980586, 0.980586, 0.980586, 0.993187, 0.997292, 0.997292, 0.999753, 0.997292, 0.997292, 0.996726, 0.999773, 0.999302, 0.999302, 0.999302, 0.999302, 0.999302, 0.999302, 0.999302, 0.999773, 0.999302, 0.996684, 0.999132, 0.998655, 0.997916, 0.996684, 0.998683, 0.5, 0.997945, 0.997945, 0.997916, 0.997916, 0.996684, 0.996684, 0.997916, 0.997916, 0.999132, 0.998664, 0.998683, 0.99961, 0.999562, 0.999562, 0.999562, 0.999562, 0.999562, 0.999562, 0.999562, 0.999562, 0.5, 0.99852, 0.999562, 0.999562, 0.999051, 0.997945, 0.997945, 0.997945, 0.997945, 0.999051, 0.99987, 0.999562, 0.999562, 0.999562, 0.99987, 0.999562, 0.999562, 0.999562, 0.999562, 0.999562, 0.999562, 0.999562, 0.99852, 0.99852, 0.999562, 0.997945, 0.997945, 0.997945, 0.996684, 0.997916, 0.997916, 0.999138, 0.999144, 0.997945, 0.999155, 0.998683, 0.997945, 0.999051, 0.999562, 0.997945, 0.997945, 0.997945, 0.997945, 0.5, 0.996795, 0.996684, 0.998655, 0.998851, 0.996726, 0.999302, 0.999302, 0.999773, 0.999921, 0.999261, 0.998655, 0.999132, 0.997916, 0.997916, 0.997916, 0.997916, 0.997916, 0.997916, 0.997916, 0.998655, 0.997916, 0.998655, 0.999138, 0.997945, 0.997945, 0.999155, 0.997945, 0.997945, 0.997945, 0.99852, 0.999562, 0.999562, 0.999562, 0.999719, 0.5, 0.999051, 0.997945, 0.997945, 0.997945, 0.996795, 0.997945, 0.997945, 0.997945, 0.997945, 0.997945, 0.997945, 0.997945, 0.997945, 
0.999138, 0.997945, 0.997945, 0.997945, 0.998683, 0.997945, 0.997945, 0.997945, 0.997945, 0.997945, 0.997945, 0.997945, 0.997945, 0.997945, 0.997945, 0.997916, 0.997916, 0.996684, 0.997916, 0.997916, 0.997916, 0.997916, 0.998655, 0.997916, 0.996684, 0.999302, 0.999921, 0.999302, 0.997916, 0.999132, 0.998655, 0.997916, 0.997916, 0.998655, 0.997916, 0.997916, 0.997916, 0.996684, 0.996684, 0.997916, 0.999302, 0.999302, 0.998993, 0.5, 0.997292, 0.997292, 0.997292, 0.999211, 0.999211, 0.997292, 0.997292, 0.999753, 0.997292, 0.999913, 0.999913, 0.999856, 0.999523, 0.998655, 0.997931, 0.997945, 0.997945, 0.997945, 0.997945, 0.997945, 0.996795, 0.997945, 0.997945, 0.997945, 0.997945, 0.996795, 0.997945, 0.997945, 0.997945, 0.998664, 0.997945, 0.997945, 0.997945, 0.998683, 0.997945, 0.997945, 0.997945, 0.997945, 0.996795, 0.997945, 0.997945, 0.997945, 0.997945, 0.996684, 0.997916, 0.997916, 0.997916, 0.997916, 0.997916, 0.997916, 0.997916, 0.997916, 0.998655, 0.997916, 0.997916, 0.997916, 0.843796, 0.930794, 0.930794, 0.930794, 0.930794, 0.930794, 0.930794, 0.930794, 0.883577, 0.930794, 0.930794, 0.930794, 0.950451, 0.930794, 0.952994, 0.980586, 0.989353, 0.989353, 0.980586, 0.980586, 0.998206, 0.997292, 0.997292, 0.997292, 0.997292, 0.997292, 0.997292, 0.997292, 0.997292, 0.999211, 0.997292, 0.999302, 0.999773, 0.999773, 0.999302, 0.998851, 0.997916, 0.5, 0.997916, 0.997916, 0.999302, 0.999302, 0.996726, 0.996726, 0.999302, 0.999302, 0.999972, 0.999261, 0.998655, 0.998664, 0.997945, 0.997945, 0.997945, 0.997945, 0.997945, 0.997945, 0.997945, 0.997945, 0.5, 0.996795, 0.997945, 0.997945, 0.997931, 0.997916, 0.997916, 0.997916, 0.997916, 0.997931, 0.998683, 0.997945, 0.997945, 0.997945, 0.998683, 0.997945, 0.997945, 0.997945, 0.997945, 0.997945, 0.997945, 0.997945, 0.996795, 0.996795, 0.997945, 0.997916, 0.997916, 0.997916, 0.996726, 0.999302, 0.999302, 0.999856, 0.999738, 0.997916, 0.999132, 0.998655, 0.997916, 0.997931, 0.997945, 0.997916, 0.997916, 0.997916, 
0.997916, 0.5, 0.5, 0.998851, 0.999302, 0.999302, 0.997292, 0.987325, 0.997292, 0.999211, 0.999753, 0.999913, 0.999773, 0.999921, 0.999302, 0.999302, 0.999302, 0.999302, 0.999302, 0.999302, 0.999302, 0.999773, 0.999302, 0.999773, 0.999856, 0.997916, 0.997916, 0.999132, 0.997916, 0.997916, 0.997916, 0.997945, 0.997945, 0.997945, 0.997945, 0.997931, 0.5, 0.997931, 0.997916, 0.997916, 0.997916, 0.996684, 0.997916, 0.997916, 0.997916, 0.997916, 0.997916, 0.997916, 0.997916, 0.997916, 0.999773, 0.998655, 0.997916, 0.997916, 0.998655, 0.997916, 0.997916, 0.997916, 0.997916, 0.997916, 0.997916, 0.997916, 0.997916, 0.997916, 0.997916, 0.996726, 0.999302, 0.999302, 0.999302, 0.999302, 0.999302, 0.999302, 0.999302, 0.999302, 0.999302, 0.997292, 0.999753, 0.997292, 0.999302, 0.999921, 0.999773, 0.999302, 0.999302, 0.999773, 0.999302, 0.999302, 0.999302, 0.996726, 0.5, 0.999773, 0.997292, 0.997292, 0.993187, 0.5, 0.980586, 0.980586, 0.980586, 0.980586, 0.989353, 0.980586, 0.980586, 0.99337, 0.989353, 0.998774, 0.998774, 0.999886, 0.999919, 0.999921, 0.996684, 0.998655, 0.997916, 0.997916, 0.997916, 0.996684, 0.996684, 0.997916, 0.997916, 0.997916, 0.997916, 0.996684, 0.997916, 0.997916, 0.997916, 0.999594, 0.997916, 0.997916, 0.997916, 0.998655, 0.997916, 0.997916, 0.997916, 0.997916, 0.996684, 0.997916, 0.997916, 0.997916, 0.997916, 0.996726, 0.999302, 0.999302, 0.999302, 0.999302, 0.999302, 0.999302, 0.999302, 0.999302, 0.999773, 0.999302, 0.999302, 0.999302, 0.737116, 0.850683, 0.843796, 0.843796, 0.843796, 0.843796, 0.843796, 0.843796, 0.786703, 0.843796, 0.843796, 0.843796, 0.871802, 0.843796, 0.930794, 0.930794, 0.950451, 0.930794, 0.930794, 0.930794, 0.983602, 0.980586, 0.980586, 0.980586, 0.980586, 0.952994, 0.980586, 0.980586, 0.980586, 0.989353, 0.980586, 0.997292, 0.999211, 0.999211, 0.997292, 0.998993, 0.999302, 0.5, 0.999302, 0.999302, 0.997292, 0.997292, 0.987325, 0.987325, 0.997292, 0.999211, 0.999753, 0.999754, 0.999773, 0.999738, 
0.997916, 0.997916, 0.997916, 0.996684, 0.997916, 0.997916, 0.997916, 0.997916, 0.5, 0.996684, 0.997916, 0.997916, 0.999594, 0.996726, 0.999302, 0.999302, 0.999302, 0.998851, 0.998655, 0.997916, 0.997916, 0.997916, 0.998655, 0.997916, 0.997916, 0.997916, 0.997916, 0.997916, 0.997916, 0.997916, 0.996684, 0.996684, 0.997916, 0.999302, 0.999302, 0.999302, 0.987325, 0.997292, 0.997292, 0.999886, 0.999913, 0.999302, 0.999921, 0.999773, 0.999302, 0.998851, 0.997916, 0.996726, 0.999773, 0.999302, 0.999302, 0.5, 0.5, 0.998993, 0.997292, 0.997292, 0.980586, 0.952994, 0.980586, 0.989353, 0.99337, 0.998774, 0.999211, 0.999753, 0.997292, 0.997292, 0.997292, 0.997292, 0.997292, 0.997292, 0.997292, 0.999211, 0.997292, 0.999211, 0.999886, 0.999302, 0.999302, 0.999921, 0.999302, 0.999302, 0.999302, 0.997916, 0.997916, 0.997916, 0.997916, 0.998851, 0.5, 0.998851, 0.999302, 0.999302, 0.999302, 0.996726, 0.999302, 0.999302, 0.999302, 0.999302, 0.999302, 0.999302, 0.999302, 0.999302, 0.999211, 0.999302, 0.999302, 0.999302, 0.999921, 0.999302, 0.999302, 0.999302, 0.999302, 0.999302, 0.999302, 0.999302, 0.999302, 0.996726, 0.999302, 0.998993, 0.997292, 0.997292, 0.997292, 0.997292, 0.997292, 0.997292, 0.997292, 0.997292, 0.997292, 0.980586, 0.99337, 0.980586, 0.997292, 0.999753, 0.999211, 0.997292, 0.997292, 0.999211, 0.997292, 0.997292, 0.997292, 0.987325, 0.5, 0.997292, 0.993187, 0.980586, 0.980586, 0.883577, 0.883577, 0.930794, 0.930794, 0.930794, 0.961495, 0.930794, 0.930794, 0.961495, 0.950451, 0.98578, 0.98578, 0.99915, 0.999453, 0.999211, 0.999302, 0.999302, 0.999302, 0.999302, 0.999302, 0.998993, 0.996726, 0.999302, 0.999302, 0.999302, 0.999302, 0.996726, 0.999302, 0.999302, 0.999302, 0.999665, 0.999302, 0.999302, 0.999302, 0.999773, 0.999302, 0.999302, 0.999302, 0.999302, 0.996726, 0.999302, 0.999302, 0.999302, 0.999302, 0.5, 0.997292, 0.997292, 0.997292, 0.997292, 0.999211, 0.997292, 0.997292, 0.997292, 0.999211, 0.997292, 0.997292, 0.997292, 
0.64315, 0.700926, 0.737116, 0.737116, 0.737116, 0.737116, 0.737116, 0.737116, 0.687274, 0.737116, 0.737116, 0.737116, 0.765921, 0.737116, 0.843796, 0.843796, 0.871802, 0.843796, 0.843796, 0.843796, 0.936309, 0.930794, 0.930794, 0.930794, 0.930794, 0.883577, 0.930794, 0.930794, 0.930794, 0.950451, 0.930794, 0.980586, 0.989353, 0.989353, 0.980586, 0.993187, 0.997292, 0, 0.997292, 0.997292, 0.980586, 0.980586, 0.952994, 0.952994, 0.980586, 0.989353, 0.99337, 0.998206, 0.999211, 0.999913, 0.999302, 0.999302, 0.999302, 0.996726, 0.999302, 0.999302, 0.999302, 0.999302, 0.5, 0.996726, 0.999302, 0.999302, 0.999665, 0.987325, 0.997292, 0.997292, 0.997292, 0.998993, 0.999773, 0.999302, 0.999302, 0.999302, 0.999773, 0.999302, 0.999302, 0.999302, 0.999302, 0.999302, 0.999302, 0.999302, 0.996726, 0.996726, 0.999302, 0.997292, 0.997292, 0.997292, 0.952994, 0.980586, 0.980586, 0.997198, 0.998774, 0.997292, 0.999753, 0.999211, 0.997292, 0.998993, 0.996726, 0.998993, 0.997292, 0.999211, 0.997292, 0.5, 0.5, 0.993187, 0.980586, 0.980586, 0.930794, 0.883577, 0.930794, 0.950451, 0.961495, 0.98578, 0.989353, 0.99337, 0.980586, 0.980586, 0.980586, 0.980586, 0.980586, 0.980586, 0.980586, 0.989353, 0.980586, 0.989353, 0.997198, 0.997292, 0.997292, 0.999753, 0.997292, 0.997292, 0.997292, 0.999302, 0.999302, 0.999302, 0.999302, 0.998993, 0.5, 0.998993, 0.997292, 0.997292, 0.997292, 0.987325, 0.997292, 0.997292, 0.997292, 0.997292, 0.997292, 0.997292, 0.997292, 0.997292, 0.989353, 0.997292, 0.997292, 0.997292, 0.999753, 0.997292, 0.997292, 0.997292, 0.997292, 0.997292, 0.997292, 0.997292, 0.997292, 0.987325, 0.997292, 0.993187, 0.980586, 0.980586, 0.980586, 0.980586, 0.980586, 0.980586, 0.980586, 0.980586, 0.980586, 0.930794, 0.961495, 0.930794, 0.983602, 0.99337, 0.989353, 0.980586, 0.980586, 0.989353, 0.980586, 0.980586, 0.980586, 0.952994, 0.5, 0.980586, 0.965786, 0.930794, 0.930794, 0.786703, 0.786703, 0.843796, 0.843796, 0.843796, 0.889176, 0.843796, 
0.843796, 0.871802, 0.871802, 0.944085, 0.9406, 0.988736, 0.99337, 0.980586, 0.998206, 0.997292, 0.997292, 0.997292, 0.997292, 0.952994, 0.987325, 0.997292, 0.997292, 0.997292, 0.997292, 0.987325, 0.997292, 0.997292, 0.997292, 0.995773, 0.997292, 0.997292, 0.997292, 0.999211, 0.997292, 0.997292, 0.997292, 0.997292, 0.987325, 0.997292, 0.997292, 0.997292, 0.997292, 0.5, 0.980586, 0.980586, 0.980586, 0.980586, 0.989353, 0.980586, 0.980586, 0.980586, 0.989353, 0.980586, 0.980586, 0.980586, 0.586934, 0.613353, 0.663224, 0.613353, 0.64315, 0.64315, 0.64315, 0.64315, 0.613353, 0.64315, 0.64315, 0.64315, 0.663224, 0.64315, 0.737116, 0.737116, 0.765921, 0.737116, 0.737116, 0.737116, 0.850683, 0.843796, 0.843796, 0.843796, 0.843796, 0.843796, 0.843796, 0.843796, 0.843796, 0.843796, 0.843796, 0.930794, 0.961495, 0.950451, 0.930794, 0.952994, 0.980586, 0, 0.980586, 0.980586, 0.930794, 0.930794, 0.883577, 0.883577, 0.930794, 0.950451, 0.961495, 0.983602, 0.989353, 0.99915, 0.997292, 0.997292, 0.997292, 0.987325, 0.997292, 0.997292, 0.997292, 0.997292, 0.5, 0.987325, 0.997292, 0.997292, 0.995773, 0.952994, 0.980586, 0.980586, 0.980586, 0.993187, 0.999211, 0.997292, 0.997292, 0.997292, 0.999211, 0.997292, 0.997292, 0.997292, 0.997292, 0.997292, 0.997292, 0.997292, 0.987325, 0.5, 0.999211, 0.989353, 0.980586, 0.980586, 0.5, 0.930794, 0.930794, 0.977495, 0.98578, 0.983602, 0.99337, 0.989353, 0.980586, 0.993187, 0.987325, 0.993187, 0.980586, 0.980586, 0.980586, 0.952994, 0.5, 0.952994, 0.950451, 0.930794, 0.843796, 0.5, 0.843796, 0.871802, 0.889176, 0.9406, 0.952957, 0.961495, 0.930794, 0.930794, 0.930794, 0.930794, 0.930794, 0.930794, 0.930794, 0.950451, 0.930794, 0.950451, 0.977495, 0.980586, 0.980586, 0.99337, 0.980586, 0.980586, 0.980586, 0.997292, 0.997292, 0.997292, 0.997292, 0.993187, 0.5, 0.993187, 0.980586, 0.980586, 0.980586, 0.952994, 0.980586, 0.980586, 0.980586, 0.980586, 0.980586, 0.980586, 0.980586, 0.980586, 
0.930794, 0.983602, 0.980586, 0.980586, 0.99337, 0.980586, 0.980586, 0.980586, 0.980586, 0.980586, 0.980586, 0.980586, 0.980586, 0.952994, 0.980586, 0.965786, 0.930794, 0.930794, 0.930794, 0.930794, 0.930794, 0.930794, 0.930794, 0.930794, 0.930794, 0.843796, 0.871802, 0.843796, 0.91335, 0.961495, 0.950451, 0.930794, 0.930794, 0.950451, 0.930794, 0.930794, 0.930794, 0.883577, 0.5, 0.930794, 0.901918, 0.843796, 0.843796, 0.687274, 0.687274, 0.737116, 0.737116, 0.737116, 0.78548, 0.737116, 0.737116, 0.765921, 0.765921, 0.856273, 0.878305, 0.944422, 0.961495, 0.930794, 0.965786, 0.980586, 0.980586, 0.980586, 0.980586, 0.883577, 0.952994, 0.980586, 0.980586, 0.980586, 0.980586, 0.952994, 0.980586, 0.980586, 0.980586, 0.972867, 0.980586, 0.980586, 0.980586, 0.989353, 0.980586, 0.980586, 0.980586, 0.980586, 0.5, 0.989353, 0.980586, 0.980586, 0.980586, 0.5, 0.930794, 0.930794, 0.930794, 0.930794, 0.950451, 0.930794, 0.930794, 0.930794, 0.930794, 0.930794, 0.930794, 0.930794, 0.561811, 0.586934, 0.586934, 0.573501, 0.586934, 0.586934, 0.586934, 0.586934, 0.586934, 0.586934, 0.586934, 0.586934, 0.586934, 0.586934, 0.64315, 0.64315, 0.663224, 0.64315, 0.64315, 0.64315, 0.74321, 0.737116, 0.737116, 0.737116, 0.737116, 0.737116, 0.737116, 0.737116, 0.737116, 0.737116, 0.737116, 0.843796, 0.889176, 0.871802, 0.843796, 0.930794, 0.883577, 0, 0.930794, 0.930794, 0.843796, 0.871802, 0.5, 0.786703, 0.843796, 0.871802, 0.889176, 0.936309, 0.961495, 0.972867, 0.980586, 0.980586, 0.980586, 0.980586, 0.980586, 0.980586, 0.980586, 0.952994, 0.5, 0.952994, 0.980586, 0.989353, 0.930794, 0.883577, 0.930794, 0.930794, 0.930794, 0.965786, 0.989353, 0.980586, 0.980586, 0.980586, 0.989353, 0.980586, 0.980586, 0.980586, 0.980586, 0.980586, 0.980586, 0.980586, 0.952994, 0.5, 0.980586, 0.930794, 0.950451, 0.930794, 0.5, 0.843796, 0.843796, 0.921475, 0.9406, 0.936309, 0.961495, 0.950451, 0.930794, 0.965786, 0.952994, 0.965786, 0.930794, 0.930794, 
0.930794, 0.883577, 0.5, 0.883577, 0.843796, 0.871802, 0.737116, 0.5, 0.737116, 0.737116, 0.78548, 0.860964, 0.875269, 0.889176, 0.843796, 0.843796, 0.843796, 0.843796, 0.843796, 0.843796, 0.843796, 0.871802, 0.843796, 0.871802, 0.921475, 0.930794, 0.930794, 0.961495, 0.930794, 0.930794, 0.930794, 0.980586, 0.980586, 0.980586, 0.980586, 0.965786, 0.5, 0.965786, 0.930794, 0.930794, 0.930794, 0.883577, 0.930794, 0.930794, 0.930794, 0.930794, 0.883577, 0.930794, 0.930794, 0.930794, 0.91335, 0.936309, 0.930794, 0.930794, 0.961495, 0.930794, 0.930794, 0.930794, 0.930794, 0.930794, 0.930794, 0.930794, 0.930794, 0.883577, 0.930794, 0.901918, 0.843796, 0.843796, 0.843796, 0.843796, 0.843796, 0.843796, 0.786703, 0.871802, 0.843796, 0.687274, 0.765921, 0.765921, 0.737116, 0.889176, 0.889176, 0.843796, 0.843796, 0.871802, 0.843796, 0.843796, 0.843796, 0.786703, 0.5, 0.843796, 0.805722, 0.737116, 0.737116, 0.613353, 0.613353, 0.64315, 0.64315, 0.64315, 0.663224, 0.64315, 0.64315, 0.663224, 0.678264, 0.748407, 0.772507, 0.861382, 0.889176, 0.843796, 0.901918, 0.930794, 0.930794, 0.930794, 0.936309, 0.5, 0.883577, 0.930794, 0.930794, 0.930794, 0.930794, 0.883577, 0.930794, 0.930794, 0.930794, 0.91335, 0.930794, 0.930794, 0.930794, 0.950451, 0.930794, 0.930794, 0.930794, 0.930794, 0.5, 0.930794, 0.930794, 0.930794, 0.930794, 0.883577, 0.843796, 0.843796, 0.843796, 0.843796, 0.843796, 0.843796, 0.843796, 0.843796, 0.871802, 0.843796, 0.843796, 0.843796, 0.545649, 0.561811, 0.561811, 0.561811, 0.561811, 0.561811, 0.561811, 0.553204, 0.561811, 0.561811, 0.561811, 0.561811, 0.561811, 0.561811, 0.586934, 0.586934, 0.60317, 0.586934, 0.586934, 0.586934, 0.64315, 0.64315, 0.64315, 0.64315, 0.64315, 0.64315, 0.64315, 0.64315, 0.663224, 0.64315, 0.613353, 0.765921, 0.78548, 0.737116, 0.737116, 0.843796, 0.786703, 0, 0.843796, 0.843796, 0.765921, 0.737116, 0.5, 0.687274, 0.737116, 0.765921, 0.78548, 0.850683, 0.901329, 0.936309, 
0.930794, 0.930794, 0.883577, 0.930794, 0.930794, 0.930794, 0.930794, 0.883577, 0.5, 0.883577, 0.950451, 0.930794, 0.843796, 0.786703, 0.843796, 0.843796, 0.843796, 0.901918, 0.950451, 0.930794, 0.930794, 0.930794, 0.950451, 0.930794, 0.930794, 0.930794, 0.930794, 0.930794, 0.930794, 0.950451, 0.5, 0.5, 0.930794, 0.843796, 0.843796, 0.843796, 0.786703, 0.737116, 0.737116, 0.765921, 0.856273, 0.850683, 0.901329, 0.871802, 0.843796, 0.901918, 0.883577, 0.901918, 0.843796, 0.843796, 0.843796, 0.786703, 0.5, 0.786703, 0.737116, 0.737116, 0.700926, 0.613353, 0.64315, 0.64315, 0.678264, 0.752945, 0.769384, 0.78548, 0.737116, 0.737116, 0.737116, 0.737116, 0.737116, 0.737116, 0.737116, 0.765921, 0.737116, 0.765921, 0.828729, 0.843796, 0.871802, 0.889176, 0.843796, 0.843796, 0.786703, 0.930794, 0.930794, 0.930794, 0.930794, 0.901918, 0.5, 0.901918, 0.843796, 0.843796, 0.843796, 0.786703, 0.843796, 0.843796, 0.843796, 0.843796, 0.786703, 0.843796, 0.843796, 0.843796, 0.818835, 0.850683, 0.843796, 0.843796, 0.889176, 0.843796, 0.843796, 0.843796, 0.843796, 0.843796, 0.843796, 0.843796, 0.843796, 0.786703, 0.843796, 0.805722, 0.737116, 0.737116, 0.687274, 0.737116, 0.737116, 0.737116, 0.737116, 0.737116, 0.737116, 0.700926, 0.663224, 0.663224, 0.64315, 0.78548, 0.78548, 0.737116, 0.737116, 0.765921, 0.737116, 0.737116, 0.737116, 0.687274, 0.5, 0.737116, 0.700926, 0.64315, 0.64315, 0.573501, 0.5, 0.586934, 0.586934, 0.586934, 0.595978, 0.595978, 0.586934, 0.595978, 0.60317, 0.667566, 0.649717, 0.775553, 0.78548, 0.737116, 0.843796, 0.843796, 0.843796, 0.843796, 0.805722, 0.5, 0.786703, 0.843796, 0.843796, 0.843796, 0.843796, 0.786703, 0.843796, 0.843796, 0.843796, 0.818835, 0.843796, 0.843796, 0.843796, 0.871802, 0.843796, 0.843796, 0.843796, 0.843796, 0.5, 0.843796, 0.843796, 0.843796, 0.843796, 0.786703, 0.737116, 0.737116, 0.737116, 0.737116, 0.737116, 0.737116, 0.737116, 0.737116, 0.765921, 0.737116, 0.737116, 0.737116, 
